70
59
170
171
60
172
162
163
65
66
63
64
169
164
175
161
69
158
178
176
177
78
77
156
157
153
154
155
50
51
87
49
61
62
48
52
67
68
71
72
165
166
167
168
42
191
173
174
73
74
43
88
57
58
159
160
144
185
40
41
192
193
39
47
194
75
76
55
56
44
188
143
195
118
79
80
81
82
151
152
251
270
269
252
256
255
268
267
254
253
266
265
8
264
7
263
6
260
3
294
37
285
28
291
34
297
282
25
288
31
287
30
286
29
290
33
289
32
284
27
283
26
293
36
292
35
296
295
38
299
298
302
45
301
300
281
24
280
23
279
22
278
21
303
46
277
20
276
19
305
304
334
342
85
335
336
337
338
341
84
339
340
83
261
4
258
257
0
320
237
231
228
234
226
227
229
230
223
224
232
233
235
236
238
222
221
344
217
243
245
343
86
216
242
244
345
218
346
89
219
347
90
220
240
239
241
259
5
262
225
328
327
333
332
329
317
318
331
314
315
330
316
319
312
313
326
311
54
325
310
53
324
307
308
322
321
323
309
306
271
250
249
272
273
248
274
275
18
246
247
94
93
96
95
207
206
100
99
98
97
205
204
209
208
102
101
202
201
215
138
137
130
129
128
127
142
141
211
210
92
110
109
124
123
122
121
114
113
120
119
116
115
214
212
140
136
200
190
189
105
104
213
91
139
103
203
135
133
132
148
147
199
182
181
108
146
145
134
125
184
183
106
150
149
197
196
131
112
198
107
126
117
187
186
180
179
111
