20 4.03333 0.5
20 1.7 0.5
20 3.56667 0.5
20 -2.16667 0.5
20 2.16667 0.5
20 -3.56667 0.5
20 3.1 0.5
20 -3.1 0.5
20 -1.7 0.5
20 -2.63333 0.5
20 2.63333 0.5
20 -4.5 0.5
20 4.5 0.5
20 -4.03333 0.5
20 -4.96667 0.5
20 4.96667 0.5
20 -5.43333 0.5
20 5.43333 0.5
20 -6.83333 0.5
20 6.83333 0.5
20 6.36667 0.5
20 -6.36667 0.5
20 -5.9 0.5
20 5.9 0.5
20 -7.3 0.5
20 7.3 0.5
20 -1.23333 0.5
20 1.23333 0.5
20 -7.76667 0.5
20 7.76667 0.5
20 0.133333 0.5
20 -0.4 0.5
20 0 0.5
20 -0.533333 0.5
20 0.4 0.5
20 0.533333 0.5
20 0.666667 0.5
20 -0.666667 0.5
20 -0.266667 0.5
20 0.8 0.5
20 -0.8 0.5
20 0.266667 0.5
20 0.933333 0.5
20 -0.933333 0.5
20 -0.133333 0.5
