9444
9446
9480
9482
9494
9502
9505
9508
9515
9523
9530
9540
9541
9545
9550
9588
9601
9602
9605
9612
9616
9620
9628
9636
9637
9641
9658
9663
9669
9671
9672
9675
9686
9687
9688
9691
9694
9700
9703
9706
9707
9712
9720
9722
9723
9727
9732
9735
9737
9744
9745
9748
9750
9752
9755
9759
9761
9765
9772
9773
9775
9776
9777
9778
9782
9786
9793
9795
9798
9799
9800
9801
9803
9806
9807
9809
9814
9815
9819
9821
9823
9824
9826
9827
9828
9829
9833
9835
9837
9839
9841
9843
9844
9845
9853
9854
9867
9868
9872
9873
9878
9881
9884
9885
9888
9891
9895
9897
9900
9902
9903
9906
9918
9919
9922
9927
9929
9940
9943
9944
9946
9950
9951
9953
9954
9955
9957
9961
9962
9965
9966
9971
9973
9974
9975
9976
9978
9981
9982
9986
9987
9989
9990
9994
9995
9997
10010
10014
10015
10017
10020
10036
10037
10041
10042
10043
10046
10047
10048
10049
10050
10057
10058
10059
10062
10068
10069
10083
10084
10095
10096
10100
10102
10107
10109
10111
10119
10120
10122
10128
10139
10142
10146
10147
10148
10149
10153
10154
10155
10158
10161
10164
10168
10169
10187
10192
10196
10226
10407
