-0.373806 0.331974 0.5
0.499875 0.00789214 0.5
-0.39401 0.307723 0.5
0.477616 -0.147718 0.5
-0.429633 0.255643 0.5
-0.412644 0.282246 0.5
0.467342 -0.177564 0.5
0.485986 -0.117284 0.5
0.492418 0.0863814 0.5
0.489446 0.101883 0.5
-0.444909 0.228021 0.5
0.472715 0.162722 0.5
0.448453 -0.220969 0.5
0.499875 -0.00789214 0.5
-0.39401 -0.307723 0.5
0.498381 0.0394214 0.5
-0.458412 -0.19949 0.5
0.461504 0.192229 0.5
-0.470087 -0.170164 0.5
0.441254 0.235016 0.5
-0.352111 -0.354902 0.5
0.492418 -0.0863814 0.5
-0.36314 0.343609 0.5
-0.487777 0.109597 0.5
0.4949 0.0707934 0.5
-0.487777 -0.109597 0.5
-0.493721 -0.0785972 0.5
-0.497697 0.047284 0.5
-0.497697 -0.047284 0.5
-0.499689 0.0157823 0.5
0.472715 -0.162722 0.5
0.425544 0.262393 0.5
-0.437489 0.241953 0.5
0.477616 0.147718 0.5
0.398819 0.301465 0.5
-0.403528 0.295132 0.5
0.499377 -0.0236685 0.5
0.4949 -0.0707934 0.5
0.489446 -0.101883 0.5
-0.3841 0.320008 0.5
-0.329013 0.376415 0.5
-0.36314 -0.343609 0.5
0.482041 0.132567 0.5
0.485986 0.117284 0.5
-0.403528 -0.295132 0.5
0.310824 0.391569 0.5
0.441254 -0.235016 0.5
-0.421348 0.269078 0.5
0.334914 -0.371174 0.5
0.496888 0.0551349 0.5
0.482041 -0.132567 0.5
-0.464481 0.18492 0.5
0.448453 0.220969 0.5
0.496888 -0.0551349 0.5
-0.352111 0.354902 0.5
-0.464481 -0.18492 0.5
-0.373806 -0.331974 0.5
-0.3841 -0.320008 0.5
-0.451886 0.213862 0.5
0.461504 -0.192229 0.5
0.498381 -0.0394214 0.5
-0.458412 0.19949 0.5
-0.412644 -0.282246 0.5
-0.437489 -0.241953 0.5
0.455205 -0.206702 0.5
-0.27898 -0.414859 0.5
0.433615 -0.248829 0.5
0.455205 0.206702 0.5
0.231526 -0.443095 0.5
0.467342 0.177564 0.5
-0.484074 0.124941 0.5
-0.304604 -0.396427 0.5
-0.421348 -0.269078 0.5
-0.484074 -0.124941 0.5
0.259026 -0.427602 0.5
0.499377 0.0236685 0.5
-0.429633 -0.255643 0.5
-0.470087 0.170164 0.5
-0.252244 -0.431637 0.5
0.408137 -0.288725 0.5
-0.444909 -0.228021 0.5
-0.27898 0.414859 0.5
-0.495956 0.062972 0.5
0.425544 -0.262393 0.5
-0.252244 0.431637 0.5
-0.451886 -0.213862 0.5
-0.475225 0.15524 0.5
-0.479888 0.14016 0.5
-0.495956 -0.062972 0.5
-0.479888 -0.14016 0.5
0.417048 -0.275696 0.5
-0.475225 -0.15524 0.5
0.408137 0.288725 0.5
-0.499938 0 0.5
0.298308 -0.401186 0.5
-0.340732 0.365841 0.5
0.433615 0.248829 0.5
0.203103 -0.456823 0.5
-0.493721 0.0785972 0.5
0.203103 0.456823 0.5
-0.490993 0.0941441 0.5
-0.224502 -0.446695 0.5
0.417048 0.275696 0.5
-0.490993 -0.0941441 0.5
-0.224502 0.446695 0.5
-0.195866 0.459972 0.5
-0.499689 -0.0157823 0.5
0.398819 -0.301465 0.5
-0.498941 0.0315489 0.5
-0.340732 -0.365841 0.5
0.310824 -0.391569 0.5
-0.498941 -0.0315489 0.5
0.32303 -0.381562 0.5
0.32303 0.381562 0.5
0.17387 0.468729 0.5
-0.136368 0.48098 0.5
0.389103 -0.313905 0.5
0.298308 0.401186 0.5
0.389103 0.313905 0.5
0.368519 -0.337834 0.5
0.368519 0.337834 0.5
0.379 -0.326032 0.5
-0.265744 -0.423459 0.5
0.285494 -0.410403 0.5
-0.329013 -0.376415 0.5
-0.105744 -0.488627 0.5
0.143944 0.478767 0.5
-0.316966 0.386613 0.5
0.379 0.326032 0.5
0.334914 0.371174 0.5
-0.105744 0.488627 0.5
-0.265744 0.423459 0.5
0.113444 -0.486896 0.5
-0.316966 -0.386613 0.5
0.35767 -0.349299 0.5
0.346465 -0.360416 0.5
0.346465 0.360416 0.5
0.35767 0.349299 0.5
0.245398 -0.435566 0.5
0.019726 -0.499548 0.5
-0.0118376 -0.499798 0.5
-0.0746977 0.494326 0.5
-0.0118376 0.499798 0.5
0.217423 -0.450183 0.5
0.217423 0.450183 0.5
0.285494 0.410403 0.5
-0.291937 -0.405845 0.5
0.0824919 0.493085 0.5
0.272396 -0.419211 0.5
0.272396 0.419211 0.5
-0.304604 0.396427 0.5
0.245398 0.435566 0.5
0.231526 0.443095 0.5
-0.291937 0.405845 0.5
-0.181248 -0.465926 0.5
-0.210289 -0.45356 0.5
-0.151484 -0.476435 0.5
-0.151484 0.476435 0.5
-0.238492 0.439385 0.5
-0.238492 -0.439385 0.5
-0.181248 0.465926 0.5
-0.195866 -0.459972 0.5
-0.210289 0.45356 0.5
-0.166449 -0.471415 0.5
-0.166449 0.471415 0.5
0.158986 -0.473984 0.5
0.158986 0.473984 0.5
0.18858 -0.463007 0.5
0.18858 0.463007 0.5
0.17387 -0.468729 0.5
-0.136368 -0.48098 0.5
-0.0276096 0.499175 0.5
-0.0902656 -0.491721 0.5
0.128758 -0.483073 0.5
-0.0902656 0.491721 0.5
0.143944 -0.478767 0.5
-0.0276096 -0.499175 0.5
-0.121116 -0.485045 0.5
0.0354862 -0.498677 0.5
-0.121116 0.485045 0.5
0.051211 0.497308 0.5
0.019726 0.499548 0.5
-0.0590553 -0.496437 0.5
-0.0746977 -0.494326 0.5
0.0980168 -0.490235 0.5
0.0980168 0.490235 0.5
-0.043354 -0.498054 0.5
0.0668848 -0.495443 0.5
0.128758 0.483073 0.5
0.051211 -0.497308 0.5
0.00394619 -0.499922 0.5
-0.043354 0.498054 0.5
0.0824919 -0.493085 0.5
0.113444 0.486896 0.5
-0.0590553 0.496437 0.5
0.00394619 0.499922 0.5
0.0668848 0.495443 0.5
0.259026 0.427602 0.5
0.0354862 0.498677 0.5
