/*--------------------------------*- C++ -*----------------------------------*\
| =========                 |                                                 |
| \\      /  F ield         | OpenFOAM: The Open Source CFD Toolbox           |
|  \\    /   O peration     | Version:  2312                                  |
|   \\  /    A nd           | Website:  www.openfoam.com                      |
|    \\/     M anipulation  |                                                 |
\*---------------------------------------------------------------------------*/
FoamFile
{
    version     2.0;
    format      ascii;
    arch        "LSB;label=32;scalar=64";
    note        "nPoints:11616  nCells:11279  nFaces:39645  nInternalFaces:16750";
    class       labelList;
    location    "constant/polyMesh";
    object      neighbour;
}
// * * * * * * * * * * * * * * * * * * * * * * * * * * * * * * * * * * * * * //


16750
(
53
739
3029
63
190
3824
139
4186
5062
116
1994
5805
141
4459
4619
10
442
1118
90
716
3666
270
717
6800
181
426
4619
16
1056
2087
1005
1628
23
4649
5711
82
565
1085
81
99
1600
331
1351
2451
62
112
2412
336
1073
118
1656
2817
167
1130
4256
109
3141
5161
402
412
779
309
871
5869
150
158
1097
209
2989
129
389
1513
214
344
3969
55
123
1518
114
1419
2192
246
626
2124
215
644
2920
102
500
1157
230
2151
3982
332
654
1045
205
1610
4233
211
738
3150
56
1277
5040
120
655
1168
55
340
1127
96
501
4899
162
476
1199
534
605
4024
144
3878
5183
428
774
2769
108
3549
4281
310
360
3042
94
284
1121
300
1553
4246
198
571
1492
72
593
2167
192
326
3054
427
511
1185
516
561
812
124
223
5448
2691
4059
196
2744
2846
896
3019
4748
67
475
618
183
783
2604
200
268
578
174
3366
5834
89
392
2555
1072
1381
927
4915
233
363
1159
333
885
4544
372
2384
4554
5599
5903
117
2034
5077
107
560
2534
446
1963
2249
147
807
4173
1100
2661
88
4327
5106
170
2200
4266
394
435
2331
143
2827
5991
86
210
5250
216
287
5243
222
717
5078
254
1102
1407
1172
5455
2791
3530
480
1210
5323
126
1810
2691
159
3693
5524
292
4138
148
458
1322
2175
4310
1252
1529
1355
1636
206
871
4352
280
1392
5933
281
1393
5930
707
708
106
163
5911
264
4251
164
439
3129
362
446
1052
5824
5883
373
649
5807
231
580
1275
1331
2049
108
136
670
337
496
1462
234
465
5395
165
5882
954
3751
411
847
5014
238
2967
4406
477
2034
5819
798
1382
269
436
5363
5365
5390
184
2099
4603
260
3932
1532
5225
1640
4895
405
1499
2264
2479
5481
586
1462
4270
567
581
1309
1206
3486
3962
4753
172
1069
4695
600
3051
328
603
1540
243
1289
5165
1263
5025
432
1745
3706
276
1801
4716
323
5120
5833
390
5258
5896
430
556
1193
486
1733
7665
875
1190
287
963
3996
496
2561
5287
1022
1537
145
213
3865
675
2350
557
811
2280
845
3271
686
781
2227
5807
197
3713
4831
2254
5637
1734
3816
408
469
1926
1170
3447
606
633
5664
253
289
1338
294
2810
3725
462
1590
4874
315
701
1253
356
825
907
178
406
2579
729
2313
504
3359
263
361
4347
237
930
2012
201
2219
166
5928
595
2333
790
5359
668
5226
2626
5083
358
2082
3067
308
627
5535
1420
1736
232
314
3744
391
4868
353
799
928
2336
5256
182
650
1415
551
1243
5514
317
1058
1545
795
2054
425
2260
4133
367
455
3098
1026
3107
625
2829
771
2420
1422
5034
451
2501
2832
412
828
4194
431
1501
4554
635
2296
2311
235
576
5099
1034
2487
278
384
837
1074
1856
291
5152
5544
228
599
4209
393
518
1952
582
1828
598
3697
1091
1904
317
401
877
1107
2045
219
5722
277
1785
4489
210
218
376
271
2206
4225
1304
4549
2326
4369
261
1334
1383
553
782
5467
3687
5661
5458
1970
2557
503
5242
5485
4792
5346
678
3106
2097
4623
1470
2129
220
982
2009
563
2825
1851
2871
2112
4743
357
458
2170
2260
5294
232
4640
414
2438
4097
495
570
2445
478
1725
5015
305
988
2844
1549
5741
258
1452
5613
1218
1652
1660
2026
1120
921
4230
1212
2222
541
2903
466
876
1361
499
2732
2535
3749
381
417
838
282
1987
5071
825
1237
5015
298
628
735
1488
1961
311
962
1769
648
723
796
1758
2250
265
905
1028
694
1443
2022
382
2925
3040
349
719
2826
422
4014
4296
570
614
2682
851
2558
947
1124
507
861
5515
669
731
3961
438
1762
2200
4175
4652
482
1862
2374
792
793
1056
1152
536
2164
5425
1112
5130
479
4390
1910
2495
444
843
1469
456
863
937
321
2044
1219
2359
902
2894
363
2266
297
950
3587
597
680
1671
327
583
2755
609
2920
4623
2652
5779
1739
4477
378
1021
610
720
4548
2924
3948
2920
3947
1517
5054
711
735
1101
1037
1634
860
1871
3140
776
1311
4875
4490
549
1040
3643
622
820
461
894
1307
606
2899
3978
4931
294
510
3133
2711
866
867
2947
345
4856
5119
5392
5934
2073
3006
768
2566
4204
2549
2755
568
1464
3169
713
1432
4255
365
1083
1086
509
5612
5688
777
1151
487
2525
2855
474
3667
5050
794
2735
3050
5017
1513
2392
561
1324
394
5105
5232
645
769
1720
852
2290
881
2287
398
1003
4580
1050
380
792
4009
815
5420
5936
437
4447
4946
1563
1967
376
459
1544
517
3721
572
797
4134
630
1968
3218
5812
5913
895
2431
948
1131
334
551
3486
489
791
1255
4621
5363
3670
5533
700
4263
910
1135
621
916
1144
853
1152
578
2286
607
2199
6630
508
872
1057
913
1134
350
1996
4788
413
2233
4322
674
875
2841
1779
2571
1094
5690
521
629
1198
533
951
1171
618
1273
5876
1011
1167
611
1578
656
971
1178
366
1512
4462
968
1183
522
1911
3355
375
5208
5579
976
1181
997
1191
1024
1196
573
639
1186
1263
2315
1380
3507
369
1569
4220
396
701
1486
2165
2962
4092
4997
2396
3688
608
1523
2720
468
819
399
2789
4900
823
2938
4976
1609
2029
1437
2227
497
3966
5073
2821
3347
2273
395
1047
5630
751
885
574
622
1614
784
1162
550
1139
424
2959
587
1548
5182
1080
1229
559
912
2238
419
438
1736
407
2916
3649
730
849
1246
2209
4782
525
1722
460
4050
1714
2019
4028
4174
2799
1740
1953
1132
2270
715
936
1238
4972
5558
2163
2335
643
2484
4146
1211
1258
1862
2049
470
1982
2171
564
3183
3514
1265
1372
457
1121
1637
1986
2597
3171
637
1320
1589
415
1448
2001
3359
5524
2374
415
439
560
1836
2927
484
4435
5087
1270
1274
443
458
4730
1221
1261
471
721
1260
781
1430
1931
1266
1440
671
978
1424
513
1627
730
1239
495
2682
642
1697
4395
5559
441
4637
4803
3538
3880
2064
5750
2101
5251
756
3095
4254
463
2381
5118
4878
4916
1356
4621
2111
2848
1066
1448
619
677
1486
2233
2435
1163
1683
2655
4984
725
2949
801
2158
4458
3850
505
4096
5367
523
2099
4068
542
2952
3423
525
2826
5581
1779
3969
772
2771
5765
945
4840
5123
662
1499
4990
826
1119
1280
1358
669
1328
657
2825
3156
4839
2516
2647
3721
5833
1391
2366
732
943
5609
1340
5791
674
757
638
939
2149
1241
1748
1242
1749
1106
1109
523
602
854
1545
4709
562
703
1538
865
2886
1435
2377
1283
1433
712
967
4267
5317
2552
2727
4002
5875
757
2841
7202
808
4214
812
1324
3077
3530
4393
1058
3978
4709
3209
5203
1281
1370
822
1387
2768
1984
2042
702
736
3037
751
3835
4544
594
4630
5091
780
1818
1829
611
748
1336
1699
1885
1659
2794
1534
2422
4581
2634
5708
1403
1487
1785
3756
880
3188
5837
759
765
1342
2479
1652
2955
537
5353
5577
1508
2386
1282
1395
882
1072
973
2663
2370
4865
755
1061
1969
4382
4970
636
3620
5796
1039
1051
4218
3085
5495
1147
3737
1436
1756
554
826
3069
850
2747
3533
1408
1471
645
3465
4122
746
1016
2243
1565
765
2855
5540
745
914
1346
647
1158
5047
591
802
1474
744
1103
1376
640
3485
4906
679
1405
1599
1630
2086
738
4655
902
1089
3023
917
4372
2003
4744
646
1008
2972
762
955
1213
684
1185
5569
4890
5488
2138
2267
692
5423
5597
766
1159
2266
1016
2943
5147
712
1096
3669
590
734
2105
1458
1618
1663
4069
5296
4063
4584
3821
1271
2160
4248
3815
4285
1949
3688
932
2547
4381
1750
2201
1257
3855
859
2018
5603
928
1296
873
1720
980
3212
2787
5170
1300
1461
699
1850
805
3167
3432
2382
2644
926
2603
941
3181
4296
3779
610
1294
1698
5924
2298
2304
743
1338
577
1645
3038
3540
5511
1932
4769
935
826
1409
1710
1639
2512
1598
2575
943
3710
4428
5128
652
833
5163
813
1723
1884
935
3072
2275
4418
617
800
1615
600
1978
4843
855
4791
2211
2975
760
1772
1960
5437
5873
2456
4429
919
653
2880
3994
1251
3055
1694
5625
930
1941
1902
704
2644
3219
1285
2739
1585
3795
803
3181
5253
2589
5707
3611
2897
4745
1475
2059
1232
5859
5224
1805
728
954
4386
1658
2787
5483
1829
3782
835
1401
3092
844
1731
1933
862
1032
5349
810
1427
685
3530
4886
1016
5734
2339
857
1442
3363
1244
1465
3408
2057
2262
3363
5527
1732
2907
4452
4975
1451
1770
1279
4516
1329
2075
2356
678
1396
1867
1453
5211
682
1223
4289
1968
3604
1117
1679
1539
2004
2462
4951
1071
3161
2875
4509
946
3369
5617
887
1140
2284
2410
3847
4534
3085
1526
2660
2114
4946
785
1853
5000
5651
1389
5163
702
4344
5029
1415
1736
2447
4818
672
3537
832
2010
1725
5217
937
1400
831
2343
2436
696
2721
5510
824
2209
3512
1445
1453
1894
1701
2936
1197
2397
2695
843
1680
3579
998
1197
2156
878
4905
5088
709
3454
4809
2453
3985
848
2033
1473
2252
2645
5703
931
4086
5860
1354
2682
5168
814
1257
5186
1454
2256
1365
3014
3402
3660
5125
1048
1481
5035
1299
3529
1515
1901
2032
1002
1140
699
3590
1367
2454
898
1057
1359
1502
1718
1972
1537
1719
1971
1675
1706
1807
749
4551
5454
942
5909
1026
2580
4308
2532
5668
742
1313
2211
963
5371
1341
2275
5844
1187
1580
2238
888
750
1510
3383
5301
1301
2493
726
4880
858
1319
1353
821
2255
5438
797
1328
4729
5924
1029
5806
827
1712
2125
1476
2224
1532
2777
5737
903
2007
2227
1339
2541
4937
5142
2970
901
2158
5210
767
1311
4259
4992
1330
2576
886
931
2430
1256
5773
973
1998
3491
1327
1541
1013
1309
747
1890
2837
2391
2423
1431
1787
2150
2579
5438
1099
4654
778
1805
5823
1314
2636
1189
3475
4795
2076
2247
3025
2662
1810
2282
752
2936
3919
869
1103
1169
1293
2062
892
1307
1128
1133
1145
1154
1143
1144
1110
1117
1288
2697
2719
3380
4807
4825
1885
1390
3474
764
3542
3571
1102
1105
1306
1249
2544
2567
5194
3312
1291
1440
2708
1997
3014
1424
5652
864
2513
3412
1208
1209
1004
1068
1428
3488
4370
3134
1227
1228
958
2245
2900
2961
1347
1708
846
1824
2134
1857
2443
1800
5681
883
975
4009
1613
4015
1780
2447
5675
4064
5004
1043
1423
4307
4788
1331
3172
3520
5780
3080
2328
5267
1747
5692
975
1318
1069
4156
1093
1325
4121
790
2173
2834
1643
2591
4407
1600
2228
2953
5760
1647
2148
2629
1162
1166
1041
3046
1523
1587
2102
2103
4038
807
1316
889
2202
1065
1485
2354
2792
1303
1313
2415
3525
819
4044
5167
2961
4033
879
1234
1321
4887
974
4202
1116
1582
1589
2196
2270
1079
1148
2770
984
1522
1987
4062
2867
5140
1009
2186
3620
1223
2434
4154
2461
3812
4123
1394
2630
5811
3908
4902
906
4388
1995
5177
1220
1467
3665
1492
2615
1935
5386
1038
2016
2789
1747
1896
2132
2072
2476
1023
1607
1420
2441
1186
4172
5567
2514
3045
1326
4916
5577
1885
2286
949
2257
893
966
1697
2450
3615
3647
1245
1248
1508
1222
3090
5402
2808
858
1015
2248
5098
5373
5774
1067
5190
1053
3359
1247
1536
1521
3901
3060
5539
1253
1771
1098
1593
4592
4892
1181
2302
1759
2069
2324
1758
2070
4317
1814
5037
946
4373
993
5054
880
3103
2322
3695
2571
4523
1406
5188
1550
5339
1745
5019
1533
2996
5512
1489
2160
1151
1621
2095
3735
915
5726
2156
2397
2101
2756
5393
3549
1070
2376
2429
3626
2984
3607
3514
5884
3738
1486
1727
1377
2525
2364
2532
1137
1512
2115
3210
1348
1495
893
1528
1090
1790
3416
3817
1497
2784
8994
1622
1912
8997
1414
1478
2118
1478
2258
1198
2210
1003
4961
1217
2444
3015
5899
5910
915
933
1479
1241
1569
1665
1491
1556
5294
1202
1752
1447
5426
5432
978
1983
1189
1909
1240
2302
960
3131
4028
1802
1840
2100
1206
1755
1090
1576
3590
2491
4737
1201
1751
3756
4993
1801
1225
1797
1224
1794
1378
2949
5570
924
3390
1269
1778
3998
2393
3072
1518
2687
4247
1369
4268
4986
1866
2315
2482
3887
1566
2536
5014
5190
2126
1371
2301
5449
1174
2521
5115
5792
1215
1395
1226
1585
2068
1563
3515
5257
3582
1653
3347
4958
2110
3061
1068
1335
1980
1440
1880
2241
2404
5070
962
1655
3099
3867
4634
5462
1068
1976
1226
1895
1067
4584
1516
1278
1888
2136
2544
5379
1575
1671
2981
1784
3859
4464
1284
2656
3819
1224
2243
2607
1286
1540
1864
4679
4867
1479
1952
1317
2363
2415
3421
2172
999
1356
5771
1179
1652
4471
2237
2301
1335
1428
1296
1906
1003
1127
2649
1163
1173
1581
1297
1917
1074
1078
1723
4989
2402
5906
1059
1302
1918
1059
1062
1777
3899
1127
1201
1628
2982
4152
1225
1603
4165
1642
4586
1092
2961
4880
1078
1111
1173
1238
2008
1250
1410
1570
1081
1083
1731
2402
3905
1195
1252
1572
1030
1278
4382
1062
1084
2837
1097
1765
2395
1245
1517
1082
1188
1707
1073
1657
1773
1204
1926
2155
1317
1936
2678
5923
2142
5454
1233
1660
1681
1323
2064
2710
1465
1606
1407
3647
2976
4859
1094
1166
3932
1027
1357
1982
3712
4651
1111
2207
1322
1938
2925
1286
1950
1073
1098
2871
1092
1199
1396
2405
3801
1083
1207
1019
2025
3731
1506
1588
3471
1463
1042
1046
1910
1374
1482
1442
1520
1306
2000
1332
1973
1032
1935
3738
3627
1106
1956
1046
1075
1490
5519
1630
5804
1198
2389
4428
1035
2957
3082
4242
1270
2257
1065
4819
1213
1673
4675
1615
2121
1046
2066
1148
4411
2137
5855
2390
2713
1487
2016
1055
1157
1830
2727
4547
2978
4942
2488
3021
1515
5755
1899
3607
5497
1397
1455
2774
5341
4044
5767
1342
2021
1090
1674
1724
2049
2658
1611
1290
4138
2115
1346
1739
2497
1806
2249
1137
1315
1788
1841
1949
2968
5596
1126
1446
1474
3001
5601
1354
2039
5044
5875
4887
2174
1150
2053
1802
1811
3130
1277
1803
1812
2186
1115
5191
1374
2052
1433
2165
1379
2218
1110
2128
1226
1870
1320
2213
1341
1375
2109
1495
2020
3583
1527
1703
1183
2202
2219
1147
2674
2677
1125
1603
3198
1335
2176
1122
1114
2498
4416
1323
1501
1180
3006
1305
3404
1387
1669
1909
4365
5801
1480
1229
2286
1489
1533
1638
1695
1878
1584
1123
1590
1761
1316
1605
2719
1554
1851
1550
1881
2088
2723
1601
1201
1716
1555
3105
1253
2071
1434
1623
2443
1661
1783
1306
1991
2739
4290
1468
1981
1169
1715
1570
2023
4564
4372
5425
1286
1929
1176
1858
1728
1740
1206
1757
1203
1754
1562
4714
5503
2215
1726
2399
2491
1460
1509
1633
1470
1842
2955
1202
1696
1768
1224
1795
1796
1775
1791
1581
1632
1683
1344
1364
1509
1690
4599
1524
1983
1421
1591
1225
1670
1826
1714
1798
1836
3032
4426
1422
1624
2105
1426
1238
1852
5451
1737
2425
2433
1250
1632
2241
1343
2353
1260
1624
1875
1252
1865
4694
1345
1565
1962
1342
2017
2272
2395
4120
1887
2111
1507
5337
3515
1662
1681
2345
2346
5619
2548
3383
1278
1627
1897
1302
1914
1450
1579
1542
1954
1915
1297
1578
1927
1905
1762
2188
3884
5642
4725
1296
1920
1295
3364
4975
1354
2035
1322
1937
1722
1839
1985
1332
1988
1317
1564
1947
2777
5214
1336
1975
3954
1312
1323
1577
1945
3865
2305
3821
1625
1749
1394
1626
1748
1353
2213
1838
1965
1637
1966
2840
4320
1455
2152
1258
2429
2712
1654
2130
2884
1717
1952
1245
1685
1689
2175
2671
1789
3949
1358
2322
1650
1955
1446
2139
2120
5893
3545
1709
2040
1967
2041
2047
1292
1315
1984
1392
1831
1971
1393
1972
1275
2291
1254
2297
1374
2057
2058
1248
1689
1738
1240
4298
1247
5213
4302
2453
2011
4596
3980
5569
1494
1503
1366
2357
5721
5877
2387
1674
2050
1781
2824
1292
1386
1763
3405
5191
2144
1307
1500
1614
4068
1415
2122
1726
3945
4549
3887
1455
2198
2273
1701
1925
1839
1993
1496
2629
3837
1723
1809
1856
1310
2763
2368
3404
5709
2956
3475
5536
2824
4697
1460
2281
1833
1782
1943
2728
1978
2349
3371
1400
2361
1377
2408
1359
2458
1731
1835
1924
4813
1603
1670
1352
2088
2106
1578
2143
4243
5498
1360
5822
1564
2157
2325
1847
2489
1676
4992
1809
1825
2046
1319
1498
1934
1577
2166
1321
2590
1959
3665
1446
2147
2502
4464
2061
4601
1576
1674
3660
1837
1483
1557
4918
1835
1837
2168
1624
2089
1703
2203
1777
1872
2622
2373
1472
2863
2562
3737
2407
4080
1378
2308
4952
2467
3527
1670
2037
2400
1547
1848
3393
3662
1594
3744
3116
2462
2504
5420
1764
1696
1999
2321
2624
4141
1872
1877
1692
2537
1876
1877
2856
1531
2381
2514
5860
1400
1544
2338
2323
2978
3052
5304
5858
1589
4357
1921
2060
2242
2355
1556
3160
2360
1404
5264
5726
4277
5247
1588
2149
3581
2169
2348
4067
1881
4456
1640
3186
1602
2159
1783
1889
1398
1500
1693
3880
4557
2379
3134
4192
4884
1650
1951
1379
4377
5850
2031
2036
2888
3370
1381
5727
5605
3844
5151
2411
1605
2414
1744
2295
1460
2246
4784
1830
2394
2552
1546
3223
2417
1442
3437
4869
2795
2833
1701
2193
1846
4765
2628
2424
3106
4138
5458
2421
2806
1741
1766
2721
1495
1942
1427
1667
3006
1910
2024
1664
2463
1666
2465
4721
5052
5344
1707
1825
2312
2714
4543
5230
1898
4761
5039
1956
2329
3160
1431
1561
1881
1764
2546
1874
2958
4201
1621
2015
2022
3224
4222
4483
5787
5916
4274
2022
2027
4068
2027
2030
2951
2180
2184
3814
2024
2030
1954
3564
2337
4602
4812
2007
2469
4292
2998
5282
1851
2054
2107
1913
2526
1717
2528
5046
5841
1811
1894
3358
2063
2588
4653
1766
1930
2108
1512
3585
1702
2204
1516
1557
5546
1506
1620
2185
3087
2094
2955
2389
2957
1773
2748
5632
1730
1954
1639
1738
2551
1844
2939
4670
3527
3686
1808
5228
5412
2550
2627
5287
1759
2098
2811
4364
3160
1697
3840
4865
1513
1957
2016
2131
1782
1843
5367
2210
2569
1781
2592
1684
1983
3884
1551
2109
1760
1909
1899
1919
2993
2466
2652
2145
3030
2417
4515
2795
3210
2625
4510
1598
1833
2611
2121
2131
1981
2604
3776
5582
2866
4447
1982
2354
4507
1577
2707
2710
2153
2358
1994
4627
3775
5362
1863
2670
4817
2516
1609
4914
5859
2601
3797
2243
2943
4291
1673
5469
5560
2640
1665
1944
5468
2489
2833
3210
1608
4185
4846
1558
2527
3897
2650
5211
4062
4961
1718
2069
2568
1719
2070
2271
3795
1783
3878
2255
2205
2223
1539
1921
2690
1922
2340
1687
1984
2449
2542
4353
5214
1604
3512
4653
1644
1979
3920
5611
3840
5449
1732
5240
5831
2153
2226
5885
2195
2654
2213
2271
5131
5641
2224
2231
1800
3193
4861
2839
3626
2090
2148
2715
3880
2109
2720
1681
4532
2259
2031
2779
1693
2065
2964
3821
5514
2165
2276
1710
2565
3408
5157
1612
5329
1831
2924
4633
1690
5347
5366
2259
2294
2597
3146
2393
1880
4629
1908
4124
1644
2028
2056
2396
2578
2805
5337
2923
2208
4615
5174
2681
3727
1989
2558
2716
1742
2072
2314
2802
2823
3387
2785
5189
4200
5921
3950
2004
2820
2190
2218
2328
2292
2780
4646
1784
1815
2391
2059
2828
2001
5215
2283
2285
1813
2100
2365
2276
2283
2285
2290
2015
2345
5293
1763
1821
2102
1823
1853
2103
2291
1664
2464
5761
2292
2351
2194
2226
1650
2264
2878
2329
2490
4365
5333
1907
1934
2167
3859
5560
1744
3165
1648
2269
2375
4423
2421
4729
2183
2319
4478
2183
2320
3645
2179
2318
2179
2317
3527
2134
3118
4824
2762
3664
2313
2372
1866
1959
4463
1631
1678
2334
4938
5894
1672
2649
2946
2490
2542
2107
2857
1659
3900
5311
2244
3174
2712
2272
4742
2357
1677
2129
2172
2783
2124
3159
3457
3632
2366
1804
2309
2310
4846
5825
1827
2159
1753
2299
1741
1930
2597
1842
2094
2874
3100
4555
1860
3360
2028
2225
2873
5735
2014
4652
2825
3582
5068
2530
2367
2409
2291
2382
3368
4526
4562
1997
2926
5429
5679
1742
1753
2277
2403
2418
2861
2388
4859
3859
2163
5886
2202
5925
1691
5381
1886
2234
1845
2207
1782
2709
2562
3960
4399
2387
2223
2882
2973
4062
2531
2613
3360
2782
5294
4283
4561
4823
4193
5493
1867
1868
1761
3721
5051
2206
4848
2145
2879
4611
2416
4672
2818
4682
2474
2499
5104
2282
4503
2096
1946
3418
4689
2427
2614
2983
2232
2930
1770
1977
3465
3656
4848
1861
2582
2650
2834
2080
4694
2358
3637
4402
2856
2428
2432
2353
2468
2971
1979
1849
2722
3032
4629
2509
2510
3665
4232
2256
2928
2432
2478
2456
2600
2696
2231
2910
4324
4019
4614
5658
5759
2932
4592
5839
3001
3141
2991
3756
2888
2455
2631
2146
2154
2517
5291
2915
3402
3785
5586
4742
2376
2766
2468
2473
2469
2475
2446
2471
3685
2471
2472
1913
2529
2472
2473
2403
2892
2564
5638
5256
1786
1961
3093
3012
2322
4467
5363
2475
2522
1979
2028
4377
2287
2977
2252
3013
5331
1928
2127
2261
2488
2492
2090
2138
2523
2230
4690
5399
4319
4610
5121
3024
2156
4253
2558
2593
2294
2995
2325
2531
2106
4471
2510
2556
3021
4993
2503
4372
5406
2197
2812
5149
2503
2505
2505
2506
2506
2507
2507
2511
2492
2543
2527
3193
4569
3897
5528
4843
2083
3511
5361
1893
3850
2053
2205
2043
5866
4077
4691
2079
2091
2678
2385
2903
3537
4942
4837
2009
4774
2253
2331
2336
2003
4453
2326
1916
2485
3083
2511
2554
2194
2692
2284
2679
5168
3370
5885
2236
3748
4049
3044
1840
1900
2365
4066
2534
3081
3641
4464
4497
2369
2606
5530
4075
2146
5131
2635
3035
2351
3041
5307
5537
5263
5493
5023
5185
2534
2583
2556
2588
2541
2585
4369
2439
3135
3452
2245
2271
3533
3364
2372
3056
3965
4060
2023
5410
5689
2521
3689
1964
2442
5914
1907
3075
3380
4367
2555
2602
3128
3108
2162
3975
2005
4675
5889
2588
2608
3397
5445
3138
1946
2315
2494
2051
3483
2576
2618
2677
3136
3904
2851
3914
2398
2656
3671
2415
2249
2544
2953
2071
4753
5840
3625
4077
2261
4751
2595
2596
2596
2599
2409
3091
3643
5796
2162
2887
3108
2429
4579
5395
2118
2449
2608
2653
2420
3101
2599
2657
3135
4682
5205
3930
4188
2582
3419
2349
3218
2084
4295
4791
2615
2617
2617
2619
2619
2623
2627
2539
3420
4550
4991
3226
5252
4871
2638
2639
2636
2637
5272
5523
2638
2643
2637
2639
2533
4704
2623
2672
3139
2127
2598
2238
3610
5072
2517
4502
2646
2659
1930
2643
2684
2234
2340
2653
2675
2454
3154
5554
5710
4066
5427
3102
3172
2664
2667
2664
2666
2666
2668
2268
4133
5687
2081
3765
4741
2634
4740
2500
3074
2146
2263
5824
5926
2661
2703
3789
2667
2705
2626
5032
5410
2635
2675
2688
2646
2669
2478
3163
2669
2673
2327
2673
3115
2650
3574
5755
3212
2780
2980
3772
2688
2693
5337
5455
2002
2714
2685
2686
2686
2689
5451
3560
2118
2237
4129
4401
2694
2700
2693
2701
4629
2694
2697
2725
2726
3414
3912
5082
2726
2775
2400
2701
2706
2689
2724
3854
2700
2737
2823
5539
2335
4099
5786
2725
2731
2210
2609
3386
2706
2708
4628
2483
4948
2046
4561
3134
2240
2877
2522
3201
2731
2736
2406
2448
3768
4080
3189
2187
5585
2334
2540
5018
5046
3950
5047
2300
2736
2747
2687
4595
2382
2644
2439
2445
4682
2087
5746
5668
2747
2751
4885
5594
2543
3362
2500
2612
2751
2758
4543
5600
2965
3377
3403
4162
3585
2081
2584
3394
4084
2417
2418
2758
2760
5659
2757
2760
2753
3478
2554
3379
2217
2278
2457
2757
2766
2740
2742
2742
2743
2699
2782
2499
2624
2743
2746
2746
2749
4593
2749
2754
2451
3422
4656
2509
3398
2067
4325
2754
2764
2066
3427
2114
2585
3406
2572
2605
2795
2764
2807
3407
3774
4590
4328
5344
2212
4784
2264
3736
5575
2804
3347
2163
2583
3444
2791
4828
3383
2446
4346
5679
2373
2962
5802
2177
2317
2178
2320
2182
2318
4526
2181
2319
3716
2298
5044
2602
3424
3876
3113
3116
2236
5554
2105
5034
2235
5277
5873
2866
4717
5028
4496
2618
3438
3602
2304
4725
2508
2710
3646
2518
3608
3667
3409
3224
3905
4356
5530
4475
5295
2919
4498
4271
5067
2875
5195
5483
2214
4082
2155
3463
2504
3872
2866
5589
5878
2177
3211
3571
2848
2532
2657
3461
4463
2235
2645
3490
2563
3734
4366
2184
2383
3466
2829
2836
2612
2616
4673
3616
2681
3137
3817
4176
2835
2215
3523
4075
5501
5683
4180
2272
2428
2672
3479
4200
5400
2181
2496
2817
2228
5348
2174
2186
3223
2836
2847
2178
2383
4445
2518
2519
2886
2303
2719
2684
3493
2876
2889
4107
2847
2852
2974
4835
2268
3797
4096
4650
2876
2891
4040
2437
2515
3128
2705
3502
4108
2699
5245
2662
2781
3043
5295
2607
4763
2703
3532
3125
2852
2868
2410
3460
2363
2655
5286
5431
5146
3574
5450
5011
2594
2775
3642
5313
3457
2452
2457
2712
2916
2208
4171
4646
4828
5122
3815
5605
2724
3521
4708
5808
5907
2659
3489
2850
2378
2881
4614
5429
2306
5444
2839
2891
4356
4872
5638
2737
3541
2254
3380
2867
4546
3524
4501
2367
4203
5470
5263
2868
2883
5836
5853
4462
2540
2698
5121
3368
5388
2793
4033
2880
4891
4960
2849
4886
5372
2889
2944
4340
3467
2605
3104
3119
5552
2924
3481
3597
2330
2837
4110
2440
3436
2477
4965
5437
3480
2586
2574
2577
2794
2663
5591
2923
2279
5114
2279
3611
4918
2883
2911
3645
4513
2395
3772
3159
2916
3697
5354
3528
2799
4790
4679
2579
3499
5190
2581
2733
3552
5714
4324
2807
3572
2437
2797
2574
3714
3966
4848
2616
2741
2800
2344
4959
4060
5458
2774
4882
5650
4472
4671
2654
3197
2413
2621
5664
4411
4934
2911
2960
3561
3963
4378
3548
2515
2648
5006
2568
4410
5898
3568
3588
3009
3045
5545
4348
3744
4640
2610
3166
2756
4697
2654
2982
3159
3840
5350
2878
2997
2755
2813
3867
5387
2655
4582
4754
2698
4610
2803
3517
2627
3183
5299
5479
3069
3661
3596
2950
3373
2362
2629
4692
2944
3076
5037
5603
4410
5507
2908
5017
2573
3030
3613
3657
3138
3643
2407
2378
2470
2640
3389
5886
5055
4793
4799
3010
3455
4793
5229
5278
3389
3819
5396
2520
2651
3195
2344
5271
2446
4824
4217
4394
2536
3004
4149
2484
5312
2691
3377
4116
4375
2632
3382
5488
2987
5431
2997
3005
3211
4145
3403
3531
3005
3007
3007
3008
3008
3010
4800
5763
4582
5668
5887
3943
4408
3631
2960
3036
2480
5356
3155
3478
2390
2730
4433
4383
4357
4210
4018
4748
2929
2481
2824
2493
2926
3059
3048
3057
3503
3912
3765
5112
2423
3540
4236
4594
2976
2567
3535
2486
3580
3115
4050
5451
2888
5630
3089
4097
2648
2745
4746
4770
4819
2967
3053
4654
4720
4466
2946
3088
3108
3158
3472
3581
3059
3063
4403
2759
3063
3064
3064
3065
2538
5136
3065
3509
3103
3188
3764
2753
3155
5532
3655
4793
5413
5783
2971
3109
2816
6772
2819
4511
6927
2902
3936
3677
5135
5417
2813
3386
4457
2784
6817
4693
5484
2676
4572
3376
3594
4359
5303
5565
3762
2865
3914
3683
4207
2830
2831
3093
2460
3496
3773
3896
2830
2838
2790
3564
5684
3770
2621
3062
5090
3679
3146
5510
4718
5400
3109
3120
2671
2778
2798
3070
3453
4102
4426
4642
3120
3121
3121
3122
3122
3539
3066
3355
2765
5523
3700
3698
2702
3674
3838
3702
4479
2846
3793
5583
2950
3185
2927
3034
3691
3094
3130
5657
3024
3168
3418
5137
4506
5843
5478
2765
4801
5506
5732
3036
3777
3711
4784
5124
3610
4485
3042
3794
5600
5677
2873
4139
4612
3053
3739
3076
4404
5375
5492
3945
5496
5423
5140
3723
4494
3724
5001
5575
4465
4531
4493
3044
3192
4327
5607
5285
4449
3420
5006
3823
3057
3825
2809
3393
2613
3715
2741
2937
2846
3760
5070
4750
3168
3180
4959
3179
3812
3179
3180
3117
4532
3676
2734
3717
2803
3704
4364
3196
3388
2591
2859
2647
4149
5396
3743
3584
3361
2811
2838
2922
3355
3395
3726
5353
3909
5840
4244
5128
3075
3375
3192
3202
4802
3011
4331
4945
4473
3753
3736
2781
3458
2696
3989
4630
3170
3842
5123
3835
4912
4016
2914
3651
3196
3507
2831
3111
5508
5849
4252
4914
3083
3399
2951
3899
4997
3443
3462
4408
3657
4569
3868
3081
3400
3761
3110
3870
3458
5596
2680
5048
3066
3720
4083
3751
3125
3877
4486
4192
5721
2796
2914
3633
3003
3114
3375
3385
3047
3385
3603
3395
3414
2778
2858
2848
3771
4525
2843
2893
5275
2853
3956
3637
5769
4492
2804
2821
3093
3940
3360
5501
4764
5127
3399
3410
3560
4309
3400
3937
3589
5417
3411
3687
3780
4090
4530
4500
4127
2745
2907
5240
3020
3139
3448
3783
3600
3411
3440
4564
3212
3638
3060
4632
3187
3666
2903
3433
3598
5084
4739
2786
3796
4539
3798
4170
2788
3012
3431
5146
2922
2941
4364
4766
5260
3745
3505
2931
4374
2862
5471
5704
3811
5006
3784
2844
5914
4415
2843
2954
3800
5262
2845
4318
2884
3689
3979
4545
3805
2959
3807
4514
3448
3629
3453
4518
3786
3388
4085
4350
3034
3681
4414
5391
2759
3710
2704
3107
4694
3032
3650
4102
4947
3820
5314
4552
3486
4570
3822
3189
3981
2974
3031
3826
4575
2853
3955
3953
3836
3236
5213
3841
5231
3553
5628
5216
5434
4524
4563
4289
5517
3827
2990
3577
2845
5016
2885
2912
5322
3067
5725
3414
3497
3185
3594
3934
2902
2978
3970
4902
5146
4325
5678
2822
5189
4529
4442
3925
4389
2905
2990
2773
4164
5746
2885
2933
4641
3219
5716
3505
3699
5156
5657
2912
3000
3901
4553
4189
4687
5860
4122
3851
4643
3586
4571
5100
5104
5355
3456
3853
3432
5447
4573
2769
4128
4842
5259
2906
2940
3453
4141
3856
5884
4607
3888
3425
4439
3026
3035
3391
5077
5659
3440
4001
4568
2809
3881
2770
3079
5495
4515
5145
4003
3039
2790
3584
2862
2933
3709
5028
5829
4240
4851
4060
4441
4614
5729
3799
3407
3575
3523
2805
5714
3431
3565
4487
3409
3570
3026
3069
4533
3471
4180
3967
4393
3740
4076
3054
3364
5671
3369
3504
2869
2905
2906
4513
5008
3084
4427
2940
3018
3070
3497
3506
3230
4124
3071
2964
4812
3874
2913
3648
4145
3047
3632
3768
3387
5863
3685
3654
5030
5128
2904
3537
2870
3563
5209
3107
4761
2872
5684
3578
3668
5563
3570
3578
5890
4064
5150
5556
3427
4108
3882
3732
3473
2858
3451
5553
5111
3046
5535
4567
3132
3915
3518
3599
3728
3725
4358
2986
5906
4773
3894
3590
5520
2939
3595
3436
3543
4556
2860
3033
3164
4430
5529
4353
3466
3639
5389
3020
3173
4097
4718
3506
3554
2909
3118
3421
3565
3636
4075
5786
5886
3879
3426
5607
3614
6473
5331
3615
6472
3142
3618
3636
4923
4007
3484
3592
3938
3543
3546
4323
3197
3674
3528
3696
4542
4440
2963
3503
3519
3658
5473
2993
3607
3708
4723
3467
3621
3046
3580
4384
6588
3675
4618
9234
3494
5687
7163
5683
6827
5283
5564
8964
5632
5845
3167
4215
3078
3604
4115
3670
4727
5703
4699
4461
2985
3223
3423
3542
3684
3499
3624
3891
3434
2935
2949
4448
2991
4193
3551
3599
4105
2966
2992
3079
5045
5507
3567
4785
5533
3885
5534
5658
3951
3705
3548
4650
3538
5247
3524
3718
3496
5414
3626
4579
4113
2945
3675
5769
3593
3810
4565
3430
4555
4579
5839
3119
2999
3004
3470
3689
4086
5283
4260
4688
3637
5024
4667
3552
3706
3609
3703
3707
3946
5324
4673
5803
5455
2966
3435
5084
5578
5732
5053
5621
4463
4635
4671
3468
3741
3100
4837
2972
4625
4670
4973
3598
4167
5218
3494
6628
4678
3145
5019
5186
3690
4615
5246
5230
3568
3742
4157
4559
5691
3588
3747
5125
5821
5329
2989
5588
3049
4995
3000
3558
3487
3495
3510
3515
3079
3145
3828
5888
4994
3184
3039
3441
3058
3481
4583
4633
3596
3758
4657
5582
4805
4139
4228
3477
5306
3018
3563
3491
3544
3592
4078
4169
3442
3991
5204
4605
4143
4616
3992
4135
5205
3556
3747
4391
5586
5106
5414
3145
3492
3712
3200
3547
5262
3469
3516
4691
3769
5680
3892
4691
4356
4384
3988
4445
4461
3830
3547
3999
4078
3077
3118
5373
4437
4503
5706
3417
3595
3039
3077
4130
3595
3974
3601
3923
3230
4735
4208
5857
3631
3790
4000
3182
3200
3682
5419
3133
4032
5115
3708
4109
4774
4843
4942
4339
3613
3554
3734
3655
3803
4008
3717
4104
4870
4371
3073
3581
3534
3576
4011
4789
4012
4550
5330
3405
5628
5895
3558
3162
3182
4282
3903
4101
3813
3842
3990
4089
4422
5299
4398
4664
4636
4377
5117
4644
5316
5505
4991
3544
3640
3750
3421
3534
4023
5519
3157
3162
4445
5306
3679
3839
3842
4143
3413
4904
4543
5689
3906
3908
7700
3907
3909
7692
3149
3157
3534
3555
5902
3677
3924
4317
5742
4964
3555
3640
3144
3149
3788
4600
4029
4781
3144
4071
3834
3848
4304
5494
5593
3869
4777
4839
5361
4162
5370
4065
4030
4841
4031
3906
3961
7824
3907
3962
6006
5531
3908
3964
7687
3909
3965
9661
3143
3390
4505
5635
4686
5704
3896
3994
3173
5056
4329
4480
4507
5418
4069
3806
3177
4118
4487
3860
3390
3927
3672
3752
3961
4816
9642
3962
4054
10369
4468
3531
4024
3965
4441
9528
3964
4418
9576
3675
5752
10074
3698
3910
5783
4352
5601
3733
3658
3864
4002
4172
4538
3711
3917
3441
5023
5028
5693
3976
4179
4537
4987
4333
5563
4058
4087
5090
5503
4819
4989
3373
3694
3560
3857
4315
3848
4061
4297
3544
4387
4054
4111
7686
5738
4042
4821
3808
5561
3202
5251
4574
3969
4895
3197
4937
4676
3971
4111
4132
9210
4013
4058
4343
4034
4939
4134
4857
7699
3662
3709
4091
4663
5669
4160
4999
6430
5696
3743
3918
5614
4134
4672
9100
4132
4153
9467
4159
4472
7826
4153
4164
7736
4171
4184
7121
4159
4345
7660
4346
7691
4707
4166
4175
7712
4676
4728
7820
4164
4166
7664
3557
4098
4347
4194
4731
7666
3857
5849
4175
4197
7737
4171
4203
6662
4202
5075
6393
5491
4199
4204
7935
5155
5816
4207
4804
7111
4206
4209
7741
4199
4213
7739
5475
4197
4211
7718
4194
4210
7655
4206
4216
7613
4210
4214
7698
4211
4215
7738
4813
5641
4202
4214
10600
4204
4215
7647
4217
4980
7631
4218
4933
7744
4219
4912
6629
4221
4657
7747
4223
4389
7511
4220
4225
8693
4224
4227
7472
4228
4488
9176
4213
4739
7788
4222
5076
7809
4222
4226
7773
4220
4230
7759
4217
4226
10282
4209
4740
9631
4224
4231
7715
4229
4232
9600
4229
4233
7756
4234
5064
7757
4216
4235
9856
4627
4983
10073
4235
4236
7742
4628
4909
7697
4236
5515
7688
4237
4856
7772
5002
5071
7791
4237
4238
10489
4934
5003
7743
4238
4285
7771
4218
4240
9517
4239
5080
7796
4239
4242
7725
4240
4241
9701
4241
7745
4242
4286
7770
4243
4876
7746
4244
5030
10596
4243
4245
7545
4244
4246
6410
4221
4245
7561
4246
4287
7795
4248
4658
7792
4247
4595
7794
4247
4249
7530
4248
4250
7735
4249
4972
7513
4223
4250
7748
4252
4432
7542
4251
4390
7750
4251
4253
7498
4252
4254
7793
4253
4489
7506
4254
4288
7722
4228
4255
6195
4256
5032
7716
4256
4257
9171
4255
4258
7752
4257
4763
10227
4227
4258
9594
4260
4291
9062
4231
4259
6785
4260
4261
7765
4259
4262
7753
4262
5074
7727
4266
4274
6921
4261
4662
7783
4265
4913
7695
4160
4276
6717
4267
4272
9365
4264
4276
6516
4263
4265
7350
4271
4273
10299
4233
4234
10693
4275
4280
7694
4277
10659
4747
4873
7754
4273
4290
7763
4232
4746
7755
4271
4603
9577
4283
4303
10395
4268
4279
7726
3615
4321
8904
4281
4996
9042
4299
4305
10207
4269
5060
7301
4314
4560
6688
4280
5065
9537
4275
5021
7673
4225
5022
8676
4230
4282
7333
4219
4270
7760
4263
4807
7287
4207
4274
7162
4184
4266
8921
3614
5010
7155
4203
4264
6770
4436
4559
9430
4267
4278
9433
4293
4295
7782
4277
4279
10150
4284
4974
9475
4272
4298
7789
4270
4282
7355
4269
4281
6920
4278
4283
7762
4268
4284
9330
4285
5081
9797
4286
5031
7711
4287
4596
10212
4288
5033
7768
4290
4663
7702
4291
4764
9258
4293
4302
9429
4295
4606
6466
4298
4302
9356
4299
4307
7761
4303
4307
8848
4305
4977
9562
4957
5632
4114
4587
3753
3933
5751
4376
5054
5513
3997
5699
4314
4328
6429
5136
5336
5700
4059
5261
3612
3900
4177
3666
4313
4395
4423
5026
4107
4680
5830
4321
4328
6812
3761
3944
3844
3913
4420
4790
5781
3397
5439
5557
4052
5403
5520
4677
4751
3417
3450
4013
5149
5387
4801
4092
5199
3465
3553
4833
4387
3734
3831
4048
4037
3471
4835
4562
5468
5700
5315
3771
3959
4776
4722
3886
4978
5000
4051
3426
3748
4436
4850
3623
3749
4410
5901
5925
4004
5297
3764
4351
5051
5255
5304
3676
3780
3972
3832
3862
5640
4458
4345
4451
7827
4346
4452
9623
3602
5351
3550
5562
4112
5235
3468
3469
3441
3487
3883
4866
5751
3796
3993
3785
3791
4195
4536
3569
4341
3748
3788
3984
5511
3725
5138
3860
4622
4292
5846
4041
3800
3997
5437
4088
4998
3799
5665
3455
3729
4717
5871
3915
3496
3558
5461
4973
3786
3977
4839
3832
3861
3807
4026
4373
5617
3556
3927
3861
3931
4067
4540
4470
5212
3477
4323
4434
3705
3903
4140
4396
3873
3895
4578
3973
4294
4421
5402
4482
3820
4020
3788
3801
5169
3710
3862
5609
3984
4300
3678
4583
4419
4928
5069
5313
3873
3911
3997
5743
5092
3720
4696
3836
4043
5078
3580
4379
4608
3573
3614
5795
5408
4452
5129
7685
4451
4581
9292
3827
4035
4721
3644
5132
5622
3673
4368
4712
5393
5614
3608
3938
3700
5800
3801
3864
5470
3963
4146
4335
5874
4504
5880
3864
4528
4661
5808
3757
4455
5446
3851
4055
3612
4027
4198
5652
4631
4582
4979
3536
4173
5688
4355
4045
4046
4401
4045
5315
5259
4374
4432
4668
5566
4986
3714
3951
4386
3881
4081
4707
5012
4046
4147
3939
5660
4541
3982
4996
3722
4637
5342
5376
4626
5499
4826
4039
3722
4787
5130
4581
4698
7701
4598
5237
4137
4392
4715
3573
5819
4830
4183
4381
4849
5096
5644
4665
3609
5622
5219
3882
4093
4584
5176
3980
4722
3769
4039
3926
3931
3942
3913
3926
5195
4673
5135
4861
4092
4602
5238
4883
5793
4660
4577
4702
4389
4390
8289
4710
4425
5570
5660
4674
3846
4853
5472
5085
3983
5791
4460
5301
3690
3988
3989
4516
4847
5383
4642
5382
3787
3699
3945
4336
5405
5288
3911
4476
5174
5246
5775
3886
4460
3943
4320
5875
5855
3866
4338
3699
3720
4100
4625
5507
3921
4094
3652
3878
4205
4786
4116
4190
4459
3990
4128
3861
4769
4834
4705
4358
3895
3919
5145
5192
7386
4698
4884
9028
3663
4152
5167
4025
4076
4118
5496
5872
4326
4334
3895
4711
5196
4771
5517
5244
3913
4079
4708
5897
4966
5678
3831
3919
5013
5183
4424
4506
5648
4428
5506
4330
5153
5625
4939
4755
4622
4956
5863
3830
5463
4446
3809
4572
4511
6818
5097
3971
4422
4334
4400
5588
4877
5240
3871
4787
4765
5118
5107
5110
4775
4495
5062
4349
5035
5166
7402
3809
3923
3937
4397
4825
5553
4113
4370
5298
5388
5523
4510
5596
4004
4361
4716
4546
4558
5522
4904
5060
3946
4336
4509
5195
4047
4331
5585
5276
4767
4301
4392
5052
4613
4792
4341
5631
4528
5749
4617
3986
4100
5748
3858
4433
4797
4100
4501
5021
3833
4380
5180
5209
5428
5058
3883
5340
4436
5206
6658
5639
4809
5144
4778
4808
4744
4849
5443
5729
4996
9272
3992
4137
4432
5141
7514
4116
4498
3896
4140
4874
4911
3977
4645
4817
4409
5915
4181
4190
4099
5584
4113
4749
3949
3982
4798
4743
4796
4181
4205
4416
3968
5670
4039
5092
5108
4351
4597
4806
4055
4155
4656
4642
4951
4604
5239
3957
4385
4008
4032
5788
4205
4308
4820
4137
4163
4045
4156
4695
4844
5308
4081
4316
4684
4035
4154
4689
4333
4815
4155
5747
4854
5556
4163
4183
5143
5799
3869
5233
5692
5776
4332
5038
4020
4173
4701
4182
4183
4860
4734
5065
5889
4182
5780
4733
4836
4454
5112
5917
4832
4012
4177
4147
4154
3941
4417
4114
5615
4043
4296
4706
4089
4308
4147
4930
5442
4879
5505
4754
4979
5698
5309
4029
5404
5764
3935
4431
4847
5143
4771
4855
3981
4484
4881
4982
5273
4460
4079
4098
4782
5113
4678
4087
4443
5181
5893
5465
3993
4730
5572
3972
4187
4732
4877
4894
4863
4867
4177
4198
4332
4399
4198
4943
4910
5137
4907
4444
4696
3959
4191
4741
4088
4565
4963
4031
4201
3928
5198
4913
4927
4800
4983
4613
5651
3916
4474
4893
4898
3944
4208
4752
4779
4747
4770
5852
3948
5289
3947
5290
5049
3933
4195
4759
3967
4926
4091
4146
4368
4928
5094
3855
5002
5003
4906
4923
5082
4104
4666
5730
4136
3918
4196
4772
5248
3996
4758
4713
4201
4300
4508
4300
4953
4098
4425
4101
5784
4920
4533
4889
4094
4490
5243
4191
4294
4294
4955
4892
4903
4950
4932
5088
4615
3994
4323
5171
4910
4875
5202
5289
5310
4956
5290
4896
4940
5880
5919
4418
4472
10056
4921
4931
5695
4488
4489
7751
5677
5042
4988
4195
5242
5586
5236
4069
4329
5491
5438
5826
4349
5809
4586
4608
5286
5056
4178
4690
4361
5264
4380
4400
4814
4057
5154
3989
4052
4306
4578
4330
5460
4919
5087
4827
5720
4172
4864
4037
4185
4620
4320
5085
5762
5904
4114
3939
4109
4161
4686
4051
4212
4620
5097
4995
4118
4373
4150
4829
3995
5029
5044
4609
4969
5325
5326
4838
4667
5126
4041
4128
4179
4306
4313
4311
5789
4311
4312
4312
4313
4142
4845
4399
4405
4915
4624
4409
4941
5355
5182
5126
5767
4131
4852
4212
5603
5457
4638
5096
5358
4948
4976
4475
5608
4484
5479
4352
4921
5283
6966
4084
5345
5228
5865
5099
4816
4952
4858
5067
5176
5179
7821
5160
5164
5050
5188
4968
4648
4106
4422
5371
4178
4297
4405
4517
4050
4868
4297
4981
5198
4179
4309
5758
5035
5179
7347
5201
5416
9647
5039
5292
4878
4692
4104
5036
5152
5068
5073
5042
5525
5673
5715
4309
4315
4332
4491
5176
5450
10672
4315
5040
4441
7823
4668
5326
5932
5325
5931
4447
5041
4402
4099
4900
4454
5750
5105
5667
4161
4890
4966
5089
5053
5353
5722
4397
5374
4693
5248
5346
5800
5007
4857
4952
4065
4401
4484
5091
5430
4821
5765
5103
4135
4527
5013
5134
5175
5640
4917
5095
4884
5398
8820
5448
4703
5201
5348
6451
5243
5367
4634
5220
5409
5538
4599
5795
5879
5162
4636
4827
4131
5390
5580
4396
4425
4833
5143
4835
4951
4327
4359
4363
4082
4644
4655
4779
4719
4458
4714
4822
4482
4413
4424
4687
4342
5579
5048
4577
4602
5027
4533
5170
4110
4455
4623
5891
5154
5173
5184
4135
4148
5376
4148
4151
4115
4344
5660
4776
4783
4470
4499
4437
5220
4167
4559
4560
6515
4400
4713
4840
4882
5098
4424
4491
4273
5738
5813
5051
4334
4713
5456
4167
4516
5261
4733
4967
4973
5162
4578
4617
4901
5249
5078
4735
5777
4477
5675
5672
5349
5599
5227
4388
4975
5129
5471
5059
5622
5365
5646
5300
5666
5369
5829
4551
5773
4850
5333
5125
5627
5863
5844
5347
5384
5606
5063
5669
5734
5810
4508
5161
5280
4508
4517
4754
4984
4871
5848
4737
5852
5409
4540
5101
5102
5638
5742
4869
5557
5485
5540
5300
5356
5155
5285
4700
5476
5733
5019
5159
5711
5613
5508
5314
5741
4970
4537
4885
5708
4757
5287
5512
4547
5270
5619
4738
4549
4548
5560
5269
5744
5467
5117
5650
5766
4580
5709
5425
5737
5147
4683
5174
4544
5524
5015
4831
5775
5453
5674
5490
4557
5732
5514
5689
5484
4456
5350
5823
4760
5792
5284
4535
5787
5593
5736
4523
5389
4504
4897
4601
5258
5581
5427
4771
5001
4523
5389
5244
4505
4803
5535
5621
4888
5372
5701
4686
4340
5322
5027
5422
5544
4595
4596
9549
4466
4522
4700
5045
4631
4434
4343
4632
4371
5218
5172
4779
4385
4626
4690
4782
5025
4714
4612
4566
4699
5175
4391
4527
5836
5461
5607
4603
4606
7786
5528
4385
4780
5349
4449
5106
5691
4826
5537
4551
4703
5478
5601
4685
5328
5558
4417
4660
5515
7790
4598
4665
4433
4446
5426
5063
5595
4431
4674
4872
5108
4710
5192
4901
4968
5555
5043
5763
5736
5656
5645
5134
5183
5653
4474
4705
4443
4702
4941
5475
5702
4526
5136
5307
5482
4933
4627
4628
9582
4962
5385
5452
5643
4586
4743
5070
4647
4862
5858
4827
5312
5476
5568
4897
5565
5687
6684
4762
5303
5185
5373
4481
4960
4886
4888
5881
5080
5335
5465
4875
5093
5683
6685
4919
5122
4944
4991
5495
5069
5336
5537
5414
4569
5265
5706
5413
4576
5486
4554
5295
5341
4716
4775
5101
5306
5324
4565
4990
4844
4509
5858
4787
4911
4960
5550
5631
4758
4496
4609
5020
4588
5197
4920
5527
4488
5428
5590
4767
4792
5452
5602
4922
5384
5642
4824
5619
4587
4797
4624
4798
5233
4758
5241
4638
4806
4808
5020
4778
4809
4710
5557
5189
5715
5896
4700
5291
5360
4648
4820
5022
5131
5641
4558
4681
5720
5241
5224
5546
5543
4657
4658
7536
5698
4796
4832
5166
5334
4668
4836
5348
5552
7145
4662
4663
7764
4974
5330
5725
4908
5371
4693
4855
4854
5308
5061
4755
4703
4867
4860
4967
4817
4990
5547
4956
5197
5538
5916
4917
5079
5447
4874
4982
4879
4984
4900
4941
5502
4892
4896
4881
5001
5757
5487
5318
4696
4863
4894
4719
4898
5238
4903
4921
5725
5881
5441
5284
5910
4907
5297
5279
4994
5057
4931
4932
4889
4923
4910
5025
4926
5255
4830
4906
4928
4783
4969
4893
4927
5446
4799
4961
5591
4672
4676
7776
5433
5009
5409
4914
5239
5892
4833
5142
4618
5505
5769
4896
4823
5217
5269
5606
4844
4908
5817
5343
4966
5184
5801
4755
5790
4968
5281
5034
4950
5093
5118
5401
5727
5248
5257
5282
5807
4814
5225
5536
5316
4786
5682
5771
5548
4929
5045
4858
5160
5649
4944
5814
5387
4940
4976
5007
4830
4954
5010
5343
5795
5360
4988
5122
4708
5153
5013
4832
5610
5442
5066
5365
5759
5358
5568
5408
5278
5748
5810
5127
5702
5262
4926
5245
5276
5319
5809
4852
5342
5907
5378
5046
5841
4838
4783
5377
5041
5155
5564
10063
5162
5237
4845
4734
4962
5027
5184
5604
5271
5706
4748
4897
4992
5920
4950
5158
5181
5313
5564
5048
5434
4907
5887
5103
5797
5449
5640
4894
5637
5864
5059
5666
4829
4927
5673
5471
4903
4920
5086
5561
5874
5063
5792
5894
5303
5719
4724
5075
4760
5210
5039
5056
5076
5491
5594
5416
5477
5733
5055
5834
4736
5837
4964
4879
4736
5386
4860
5655
5685
5469
4963
7775
4770
5364
5542
4756
4756
4854
5338
5486
5501
5530
4768
4768
5181
5815
5254
5785
5831
4820
5818
5826
7740
5370
5547
4806
5234
5115
5216
5430
5813
4794
4794
4826
4979
5253
5346
7684
4963
4798
5222
4853
5169
5878
5779
5210
5362
5686
5871
4858
5876
5380
5671
5588
5888
5101
5284
5042
5068
5350
7767
5084
5218
5589
5440
5509
5043
5774
4899
5680
5639
4825
5005
5050
5097
5005
5868
5552
5761
7185
5450
5760
6682
5902
5396
5266
4989
5092
5187
5018
5121
4947
5111
5856
5453
5555
5009
5466
5057
5762
5798
5830
5853
5266
5053
5089
5164
5559
4922
5682
5724
5102
5481
4888
5087
5066
5200
5368
5116
5187
5194
5124
5094
5304
5604
5049
5835
5783
5332
5576
4930
5439
5073
5126
5903
6809
5109
5148
5150
5165
5831
4943
5849
5587
5846
5114
5828
4971
5688
5483
4953
4938
5018
5647
5492
5662
4993
5139
5182
5206
5340
5497
5510
5193
5805
5215
5207
5207
5334
5788
4971
5202
5555
5753
5383
5935
5382
5937
5222
5476
5103
5250
5223
5223
5290
5325
5289
5326
5107
5550
5124
5839
5105
5694
5497
5649
5862
5253
5038
5225
5252
5545
5099
5234
5485
5096
5421
5635
5845
5208
5351
5265
5412
5924
5504
5550
5618
5397
5401
5541
5305
5302
5302
5494
5134
5841
5043
5327
5049
5079
5833
5327
5177
5791
5843
5674
5091
5160
5442
5762
5012
5480
5208
5758
5366
5407
5403
5357
5357
5093
5158
7345
5551
5268
5781
5772
5407
5296
5913
5088
5280
5138
5200
5459
5411
5411
5069
5653
5908
5095
5164
5219
5435
5435
5506
5436
5410
5436
5058
5845
5241
5082
5862
5862
5281
5710
5616
5205
5474
5139
5376
5814
5469
5500
5500
5390
5797
5513
5496
5921
5516
5636
5526
5526
5252
5820
5626
5465
5626
5279
5406
5300
5332
5464
5620
5634
5100
5415
5650
5255
5712
5866
5499
5511
5572
5852
5417
5803
5359
5275
5127
5470
5799
5394
9363
5850
5643
5744
5273
5482
5227
5352
5215
5332
5462
5374
5561
5825
5803
5231
5571
5740
5757
5305
5558
5499
5423
5806
5178
5870
5518
7717
5627
10457
5312
5478
5377
5897
5408
5356
5666
5319
5399
5879
5426
5661
5233
5553
5556
5178
5681
5830
5591
5250
5219
5301
5532
5672
5713
5782
5718
5395
7822
5755
5432
5583
5774
5339
10657
5204
5339
5352
5394
9460
5230
5590
5698
5548
5221
5480
5600
5310
5379
5259
5429
5679
5281
5474
7327
5492
5793
5402
5815
5714
5282
5292
5317
5472
5323
5787
5778
10288
5521
5359
5634
5266
5385
5509
5811
5297
5268
5667
5242
5578
5922
5536
5713
5802
5902
5891
5344
5582
5918
5674
5291
5693
5393
5612
5754
5895
5800
5719
5533
5644
5472
5918
5440
5271
5274
5851
5404
5370
5318
5364
5388
5400
5696
5288
5452
5308
5583
5421
5644
5504
5534
5334
5419
5629
5812
5473
5763
5887
5701
5403
5651
5457
7724
7769
5663
5628
5699
5571
5405
5671
5872
5773
9294
5453
5521
5432
5760
5882
7064
5761
5883
7067
5463
5808
5652
7797
5525
5731
5369
5494
5562
5481
5605
5850
5663
5611
5692
5649
5846
5740
5366
5457
5479
5697
5758
7422
5625
5897
5847
9379
5888
5448
5794
5752
5443
5484
5517
5695
5456
5614
5428
5665
5397
5669
5870
5877
5404
5424
5608
5735
5420
5392
5848
5648
5915
5919
5828
5690
5544
5654
5733
5809
5595
5424
5597
6807
7758
5422
5532
5559
5736
5654
5443
5521
5816
5531
5847
5667
5551
5738
5584
5549
5615
5473
7696
7728
5576
5549
5691
5801
5456
5520
5462
5576
5745
5613
5747
5595
5804
5704
5779
5756
5527
5751
5490
5585
5717
5606
7207
5777
5721
5877
5677
5502
5712
5700
5709
5764
5504
5631
5748
5889
5867
5766
5776
9398
5696
5856
5716
5864
5739
7588
5518
7693
5728
5909
5782
5784
5838
7774
5726
5676
5785
5873
5597
5772
5731
5676
5705
5820
5729
5737
5592
5659
5816
5661
5741
5598
5822
5742
5718
5722
5756
5813
5612
5798
5705
5835
5778
5642
5656
5728
5883
5912
7113
5882
5911
7056
5587
5788
5713
5756
5740
5907
5879
5629
5750
5610
5665
5684
5819
5794
5705
5608
5730
5753
5812
5900
5637
5770
5869
5768
5905
5635
5657
5663
5655
5861
5621
5678
5911
5929
6907
5912
5927
6909
10200
5838
5786
5680
5656
5675
5727
5856
5901
5920
5720
5851
5682
5825
5772
5916
5673
5832
5865
5707
7828
5676
5857
5827
5832
5793
5749
5898
5844
5695
5754
5861
5707
5908
5904
5829
5811
5864
5775
5867
5895
5900
5770
5743
5716
5718
5778
5745
5832
5744
5851
5827
5802
5817
5836
5799
5828
5901
5735
5890
5870
5766
5768
5834
5780
5810
5771
5790
5908
5854
5798
5784
5818
5781
5767
5776
5777
5922
5861
5880
5923
5892
5823
5855
5876
5868
5904
5909
5885
5893
5853
5857
5835
5838
5890
5899
5912
5840
5896
5915
5868
5871
5894
5865
5866
5854
5903
5891
5918
5878
5921
5884
5922
5898
5905
5913
5917
5914
5917
5923
5925
5927
9049
5929
9048
5931
5933
5935
5937
6039
6335
10291
5949
6169
10538
6043
6673
9299
5946
7154
8807
6033
6138
6572
6544
6616
6900
6037
6106
6194
6151
6264
8825
6484
7203
6124
10311
11012
6217
10915
10982
6245
6455
5951
6370
6644
6456
7106
6221
6929
11273
6350
9607
10800
6089
6168
11173
6001
7161
7709
6034
6094
6167
6049
6447
9812
6042
10684
11277
6263
6865
11276
6180
6782
10804
5969
6434
6456
5982
6025
6127
5970
6169
6353
6191
10495
10549
6090
6355
7420
6016
7341
9191
5974
7766
9770
5978
6022
6025
6118
7172
6142
6831
6185
6416
8960
5996
6483
9251
6022
10422
10676
6438
9305
6122
6153
6170
6330
10550
10735
6527
8858
10541
6320
7059
6201
6213
6308
6951
10975
11275
6023
6593
6875
6187
9767
6059
6488
10225
6158
6300
6655
6056
6405
8259
6296
6324
8814
6072
6161
6242
6022
10167
11213
6021
6233
10747
6017
9329
9831
6281
6334
6136
6303
6455
6122
6241
6377
6065
6374
6634
6326
6471
6640
6229
6271
6157
6530
9023
6051
9151
9266
6134
8909
10950
6644
9597
10044
6573
9155
6063
7106
11270
6121
6231
6255
6082
6294
9193
6024
6404
10392
6171
6485
6020
6813
8518
6066
6974
9313
6040
6092
10918
6591
6821
9195
6019
9225
9378
6176
6421
7615
6084
6242
9506
6441
6507
10475
6248
9899
10891
7119
8425
7720
8895
6140
9489
11145
8304
10376
6535
8569
6221
9391
6504
6596
10108
10114
10157
6941
11216
11271
6107
6326
10240
6450
6578
6812
6976
9769
11278
6137
6755
10203
6129
7831
9161
6055
6230
6271
6560
9442
6750
8971
6491
6626
6914
6075
6147
6646
6046
7105
6201
6282
6391
7096
11033
6666
7240
6131
6255
6317
6575
9664
6588
6809
6265
6389
10966
6074
6300
6376
6514
9302
6387
6489
8873
6406
10963
11272
6527
6599
6106
6357
6670
7457
8860
6070
6145
7030
6203
6540
6924
6223
9740
10718
6650
9251
6998
8228
6318
6546
9240
6068
6222
6742
6172
9092
6294
6642
6761
6566
8707
10635
6529
6851
10932
7077
10070
6132
9335
9746
7076
7213
8712
9780
6124
11046
11148
6493
6689
6243
6571
9324
6425
6462
6354
6494
8805
6082
6148
6141
9056
10681
6228
7117
6333
6668
6104
6212
7092
6352
6648
9147
6149
7227
10512
6382
6494
10306
6356
6553
9784
6206
6667
10715
6874
6459
6539
8466
9360
10379
6195
6789
7752
6596
10984
11100
6218
6751
10803
6212
6728
10491
6842
9043
6700
9680
6133
6240
6414
6630
6827
6293
7035
7148
6542
9108
6225
8998
9079
6642
10355
11067
6278
6856
7115
6215
6292
11223
6120
7232
10080
6396
6465
10350
6161
7072
9696
6481
11122
11149
6188
9352
9802
6143
6833
6158
6702
6892
9479
6578
10741
6212
6582
7118
6278
6304
6461
6229
10468
11098
6257
8798
10655
6312
10361
10368
6211
8875
9682
6449
7097
10293
6194
6267
6598
6373
6665
10267
6566
6574
10646
6370
8916
6153
7250
8690
6971
9596
6150
10183
9673
6368
6561
11219
9879
6317
6607
6917
6276
6328
6432
6590
6760
6204
6409
6462
6729
9226
6170
6908
9310
6244
10183
7533
9225
6277
7231
6327
9286
6241
6791
6981
7136
10298
6858
9925
7121
8921
6155
8991
10714
6567
6886
9010
9057
6929
9391
6708
7118
6306
6451
7145
9298
9655
6230
6239
6548
6968
9905
7042
7258
7205
11187
6580
10872
6990
7632
6181
6595
6884
8911
6301
6338
9232
9387
9454
6199
6401
6433
9235
7100
6413
6556
10453
6369
6545
6742
9193
6385
10316
10473
6316
7079
9876
6179
9290
11274
6625
6659
6866
6409
6801
7032
6224
9236
6436
6668
10750
9248
6849
7692
6198
9087
6199
7252
11172
6252
7246
9917
6177
9363
9648
9090
9439
9460
9725
6399
6846
7238
6722
10806
6376
10335
6391
6733
6528
6724
8953
6186
9288
9330
6453
6854
7453
7158
8907
9475
9738
6452
10091
7654
9346
6232
6902
8934
6259
7147
10603
7225
7240
6581
6599
11261
6243
6345
6408
9264
6958
6304
6341
6523
6210
6396
7118
9486
9491
10452
6249
9365
9433
9027
6366
7574
8938
6276
6704
7009
7030
6290
6385
6390
10409
10471
6208
6782
10614
6214
6997
6261
9988
10228
6563
9304
7246
8735
6478
6562
6289
6331
7002
9075
6284
6534
6868
6364
6903
6638
9360
6477
8612
8930
6851
6853
10643
10725
6660
6842
6632
6777
6409
6411
7031
11169
6455
6522
6873
6231
6412
6993
9163
10335
6291
7148
6322
7190
8881
6716
10752
6272
9369
10277
6266
7358
10206
6378
9145
10687
6431
6765
9415
6280
7003
8734
6246
6293
6475
6645
9496
6332
8844
7201
10025
6739
6930
6533
6878
6393
6721
7774
9029
9489
6488
9890
6953
7000
7025
6311
6794
7856
7207
7301
7021
7082
9145
6336
6403
6543
7080
6328
6650
6743
6865
10924
6479
10584
11225
6359
11236
6547
6661
6664
6301
6646
6433
6467
6815
6483
11098
8009
9387
6461
6523
6962
8894
6514
7096
6379
6430
6717
6810
9371
10413
6474
7073
8781
6273
6979
8908
6548
6585
6457
9095
10248
6587
6947
7512
6435
10430
10999
7193
6665
6797
10294
6620
10515
6978
10457
6884
8689
6444
6911
7521
10223
11070
6290
7000
11054
6398
9561
11241
6952
8876
10524
6433
6531
6681
10137
10898
7194
6585
6619
6760
9767
6944
7146
6745
9064
9813
7074
10333
6504
6726
10986
6520
6693
9865
6340
6668
9624
10129
6764
6515
6569
9027
6739
9195
9862
6309
9189
9455
6491
6643
6445
9210
9467
6515
6688
6413
6939
6392
10591
10856
6711
9255
8963
9132
6495
10033
10581
6787
6795
9478
6428
9042
9272
6759
10839
8929
6692
9174
6537
8706
11074
6590
9323
6532
6742
6852
6610
9606
6551
6720
7049
7233
7818
6563
6582
9709
6509
8781
10997
7285
6796
6857
7643
6956
9734
6552
7150
8797
10463
6766
6778
6877
7745
6584
10440
6372
6619
6397
6625
6639
6362
10814
6614
6615
8182
9905
10575
6344
7195
6512
7160
9046
6510
7099
10336
6683
6744
6905
8862
6470
6530
6906
6732
7180
10380
6383
8291
11034
6381
9517
9701
6447
8858
6460
6511
7219
9031
10040
6930
6975
7031
10373
7365
9071
6636
10301
9263
9264
6422
10366
10726
7098
11177
6419
8130
9111
6497
6901
10470
6646
6778
6435
10352
10979
6701
10974
6691
8016
8742
6974
9287
6674
9242
9639
6632
11145
6660
9014
9779
6523
6609
6744
8802
10468
8862
10568
6641
7014
6427
9133
9395
9361
9248
9622
6496
11161
6933
10244
6503
6903
10044
6556
9949
6402
9306
6897
10052
6701
9729
11259
11185
6622
9724
10090
9566
9967
6501
6754
10961
9979
11084
6676
9076
10104
9607
10968
9516
6395
6579
9582
9714
10073
6708
6964
11202
6593
11258
6838
9315
6541
7063
7184
6627
10006
10189
10371
6727
8915
6490
11083
7526
9296
6728
9490
6437
6996
9275
6645
9001
6424
8992
6841
8791
6824
9289
9634
6661
8944
6635
6736
8931
8721
9486
6448
9551
9866
6598
6603
6899
6614
9197
6861
7001
10448
6985
9189
7011
8876
6672
6682
7064
6972
7795
6611
10912
6698
6700
8699
7102
9357
9758
9836
6509
6576
6492
7135
11051
6825
10403
6589
10582
11165
6766
9181
6835
8881
6487
7713
6613
9427
11043
6750
6831
6975
10899
10935
7125
7312
10481
6579
6762
10666
6897
10528
9511
9763
6499
6538
6666
10038
6620
10131
6540
10991
8904
10718
9337
10972
11210
6960
9643
6511
7021
9704
10070
10367
10594
6473
6707
9785
8863
8985
6662
6770
6814
9236
7024
7270
9436
6513
6683
7182
7042
9160
6723
6748
7252
9316
6703
7010
7557
6780
9883
10889
8836
10461
11058
11174
6486
6777
6847
6628
6800
6905
10430
6526
6741
10589
9218
9591
9128
11184
6733
6942
6713
6758
10608
6550
6929
6505
6630
6809
9415
6623
9717
9119
10369
6567
6927
7044
10172
8665
8830
8869
9785
10855
9848
6807
6834
7069
7205
7373
9165
10910
9447
10233
7179
9260
6601
7535
10817
6671
6699
6624
6913
9376
8927
10967
6685
6699
6966
9237
11218
10789
6932
10918
6575
6769
6923
9256
10875
6519
6758
9576
6812
7105
9846
9061
6546
8793
7153
7195
6584
6621
6687
6883
6965
9207
6617
9040
10887
9969
10056
6826
9476
6603
8891
10223
6912
10029
6655
7117
11035
6816
6872
7151
6612
7149
7136
9579
9941
6910
10764
9259
6856
10006
7069
10349
6942
7027
6737
11089
7054
7168
8913
9581
10283
9190
10651
6685
6827
8955
10444
11165
6592
9774
6841
9504
9771
10779
9624
10989
7138
10625
9213
7231
9581
9522
6771
7183
9855
6831
10603
6772
6817
7008
9621
10514
10731
8898
10292
10478
6608
8890
10215
8194
6565
6901
9528
6832
6845
6994
6705
9162
10668
9061
9470
11072
11263
8689
11097
10124
6570
6767
9562
9661
10132
9483
6632
6697
7030
9670
9430
10836
9794
10207
6740
11247
6730
9934
6719
7787
9608
9874
10952
6602
11174
6600
8938
9485
10907
7598
9606
10983
7066
9332
10451
6592
6803
7342
7088
10273
6621
6717
11002
9152
9788
6946
9414
11029
9886
10807
10855
10885
10849
6892
10129
11170
9250
11225
10123
6786
7111
7345
6969
10110
9667
10271
6998
9710
6688
9128
9321
6680
10276
11096
6663
7152
8486
6767
6989
10692
10025
11025
6832
7427
7024
11084
6936
7032
7098
10573
6749
7141
6924
7097
7556
8152
9121
9083
11141
7074
9471
7114
9248
9784
9651
7382
10570
9166
9646
9208
10739
7044
10592
9256
9362
10118
6858
8805
6961
6838
6848
6988
7061
7149
6677
7232
9398
6919
7047
8743
9322
9666
10259
6872
7262
9452
10533
10784
7230
9333
10285
11047
6830
7229
6735
8782
9221
7020
9630
6736
6945
8756
7973
10477
6837
6867
8819
10403
7063
7078
9220
6774
9199
10996
7071
9622
11092
9029
10928
11219
9991
9309
9692
11052
8950
9299
11215
6840
9276
7230
9082
9762
10315
6753
7129
9399
7298
9719
6905
6696
10162
10517
6710
8816
9395
9131
9233
10188
10621
7053
9880
6932
9734
8911
9448
6738
9353
10901
7138
9753
9537
10002
7005
7015
9277
6907
7056
9047
6798
9416
7193
9055
9610
10051
7108
8917
6804
6829
7525
6805
11136
6991
10030
6887
7605
10372
9223
9939
7057
8793
9589
10761
6888
9082
9146
6925
8926
9718
7225
10621
9996
11208
8680
10449
6806
7375
11214
9146
9148
8212
9685
7124
7285
6779
10165
6735
9233
9262
7155
9915
9228
6734
7252
10121
6973
7050
6712
7860
6729
7843
9172
9196
7018
9053
9271
7022
9062
9258
10436
10911
6822
7404
9441
8955
9923
6839
6928
9009
9937
6963
11071
7184
7782
7961
9984
6863
9148
9206
9142
9709
7011
9916
10451
7110
7036
9283
7040
7066
11262
10949
10961
9638
9162
10309
9479
8842
6773
9593
8866
9400
10807
8862
10926
10160
10729
7148
9134
9466
8988
10746
6780
9250
10639
6787
8925
10737
7063
7786
7061
7134
7380
9279
10940
6916
9044
10868
7121
9061
8956
9604
7373
8805
6890
6973
7157
6792
6902
7095
7456
7067
7113
11023
9262
9381
9080
10009
6876
6886
6927
6976
10829
9251
10403
9808
7377
6944
7034
8999
9276
10836
6805
6984
10919
7130
6984
7026
9111
9531
6912
9290
11205
6830
6922
7112
8904
7104
9012
10231
10995
6873
9211
9290
10853
6885
6978
9518
7093
9086
9159
6959
6960
6987
9451
10181
7045
9166
9747
8982
9525
6875
9342
9870
9206
10340
7013
7206
6928
8920
10827
8940
10003
8999
10221
9123
9366
6811
10239
9846
11038
7109
9113
9115
7007
8791
9403
7209
10530
10825
6844
10586
6845
6995
11155
6864
9611
6910
6940
8984
9073
6984
9593
10430
10978
9715
10388
10981
11049
9055
9217
10297
10408
8920
6876
8933
6994
6995
8213
6843
6891
7167
9614
10601
9473
9557
7127
9091
9103
7025
7080
7135
10352
6828
7141
7123
7134
6983
7372
7189
8889
10341
11217
6851
9555
6902
7103
6852
9350
9632
7159
7204
7327
9431
10486
7143
7207
10500
10030
6890
7050
7410
9441
7405
9058
9327
7130
11083
7760
9599
8374
8883
6880
9131
9928
10625
6999
10243
9212
9547
9382
11031
11115
11169
9570
9586
10452
6915
6954
7028
7028
7123
9476
6943
10479
7324
9217
9348
6981
7100
9783
10987
10630
10441
10899
8818
9598
9321
9419
9013
10482
10670
7043
7046
8815
8933
9154
10754
7401
10298
9381
9751
10986
11251
6957
7166
9522
10584
9079
9306
9716
7180
9263
7209
9136
10757
7262
9356
9429
9497
10506
7005
10224
10394
11243
9493
10210
6892
10441
8765
8966
9410
7272
6893
8856
6977
7198
6935
7036
7197
7182
8946
9295
6954
7017
9026
8278
6909
7113
9640
9264
9852
6991
9013
8458
11090
7068
7103
9459
7190
9713
9214
9784
10258
9215
7155
9358
9364
11240
7093
7708
7145
7185
7029
10610
9119
9481
7295
10184
6967
7259
10138
7086
7095
8735
9099
6935
9283
7170
7173
7143
10897
10024
7022
8527
7089
7090
8671
8948
10185
7056
7064
9405
6956
9190
9555
6954
7120
8789
7162
9403
9458
8922
9711
10560
6939
9051
9634
6985
9392
9860
7255
11200
10238
9988
11086
7027
9180
9440
7007
8950
9443
10543
6987
9187
10821
8948
9234
9294
7037
7116
7140
10576
11018
9580
11079
9289
9524
8928
10574
11276
10324
8028
9618
9176
9533
7715
9665
7753
7085
11009
7348
9129
9211
11269
9004
9436
8927
9849
7075
9179
10397
10228
10502
11021
11073
7242
8877
8937
8861
9077
7018
9052
8770
7597
9108
11108
7101
7247
7251
6986
9383
7039
7051
7084
8794
7203
8870
9717
7166
7546
9050
10094
10166
9411
9664
10952
9245
10039
8824
8935
10262
7039
7065
8908
9458
10113
8231
8192
9459
10964
9361
9513
9461
9555
10700
11046
7132
10228
10766
10808
9285
9498
7017
7120
7177
9851
7065
9259
9369
11176
9324
10898
10799
10943
9254
10609
9580
7172
7309
11092
7103
7126
7023
8832
10423
10667
7091
9791
10171
8972
10552
9127
10343
10826
7208
10577
11220
9760
7039
7189
9095
9879
9419
9592
9702
9143
8961
9476
9306
10799
7084
7186
7189
9418
9677
10520
11076
7116
8886
10078
7045
7107
9646
9124
10577
7092
10553
10851
8797
8772
9866
7805
9325
7245
8775
7131
7229
7139
9270
9741
9926
10791
9133
8905
9901
7067
7185
10118
8879
9020
7055
7432
7719
9094
9026
10443
9342
9490
11268
9059
10167
7128
8786
9073
10523
7132
10502
11139
8832
11151
8829
10219
7312
7173
7175
7176
9496
10011
9506
11211
11176
11253
7668
8964
9611
8836
9766
10637
10773
9345
10611
9640
10219
10653
7164
9421
10378
9724
11059
7176
7187
8770
9072
7163
10064
7206
7303
9244
9926
10114
10398
10593
8677
10034
7129
7412
9047
10559
10954
10076
7177
8743
9674
9766
11073
10990
10292
9302
11178
10778
7142
7268
9177
9221
9140
9497
11067
9426
9370
9470
7163
10067
9050
9051
9255
10061
9156
7186
8785
9666
10794
8998
11049
9590
10650
8982
9192
9074
7170
7175
7249
9693
7156
10024
10349
10744
8829
8939
9067
10671
7236
8809
9077
11171
7249
7303
10389
8988
9652
10812
9510
10970
9097
8979
10469
10970
11185
9184
10221
7197
8859
10332
7234
8750
9917
9269
9359
9662
9354
9416
11149
11182
9689
9513
10209
8897
10314
9203
10412
9359
11064
10402
10762
9445
10229
7187
7228
8977
9130
9408
9660
7216
9182
10152
10325
9156
9488
10587
7192
7277
8760
7251
7191
9811
9067
9175
7171
7239
7243
7229
8766
8843
11189
8912
7215
8579
8774
7256
9096
9375
9249
9590
10864
7672
9107
8956
7192
7228
7272
9269
9592
10081
7265
8932
8902
9350
9382
11007
9796
7198
7321
7269
9572
9524
9825
9068
9993
10590
10872
9388
7241
7218
8877
9021
8943
9065
9169
10619
11020
9440
9875
10035
7257
7354
10262
9024
9779
10086
10676
7223
7224
7383
7285
9134
10229
7321
8782
9177
8832
10461
7257
7338
7376
8887
8893
8853
8914
7235
7244
8754
8817
8880
11155
11220
7228
8760
8786
8924
9110
9520
7223
7297
7367
8751
8838
9972
11094
7277
7278
8841
7312
10438
9924
11028
8635
8806
9319
7317
8728
7264
8695
8745
8984
9300
9345
9577
7328
10551
7283
8888
10890
8763
9566
8817
9683
7310
8840
8767
8885
9402
9457
9963
7317
8763
7278
7294
7329
8983
9242
11137
7337
9214
10171
10879
9215
10178
10880
9552
10727
8770
8816
8834
9751
10115
8906
11032
9308
10977
11253
7288
7302
7315
9438
8905
10400
10559
7313
7335
7342
9135
8799
8969
9186
7271
7330
9377
7269
8856
8841
9466
9546
7296
9529
8856
7289
7365
9721
7350
7695
9477
7311
7322
9343
7287
7345
9411
8784
8801
8853
8954
9046
7286
7308
7314
7289
7332
7384
7318
7319
8443
7388
8711
7291
7339
7807
7291
8422
7299
7311
7323
8660
7322
7323
7887
7841
8744
8784
8809
7294
7376
7804
8779
8963
10311
7300
8670
7379
7414
8913
9998
7350
10289
7304
7340
8735
7308
8365
9157
7333
7759
9012
9681
10245
7414
7810
8757
7326
7334
8685
8411
10011
10053
7388
8776
8380
7316
8746
7315
7837
7830
8641
8731
8823
7339
8422
7334
8557
7325
8670
10688
10612
7862
7846
9316
10363
7356
9625
7331
8580
7328
7695
8750
8768
7340
7364
7344
8594
7353
7371
8555
8684
7366
7394
7394
8656
8695
7372
10394
7357
7840
8684
7343
9980
10465
7368
7352
8609
7346
7681
7361
7819
7348
7358
7821
7364
7382
10131
7402
7822
10567
7359
8697
7758
8676
7357
10707
7356
8555
7760
8688
7402
7371
8732
7362
7370
9768
7363
8600
7396
9417
7378
7418
8697
7369
7374
8641
7398
7406
7408
7410
7384
7397
7393
10462
8703
7405
10199
8714
8960
7409
8679
8801
7391
8748
7399
7714
7400
7710
9116
10603
7395
7419
7433
8687
7398
10656
7671
7449
8575
8864
7387
7396
7822
10191
10442
7392
7415
7416
7401
7404
10408
8579
8773
8597
8616
7422
7685
9137
8642
10702
7422
7707
9385
9471
7800
8630
7406
7407
7408
7413
8616
8671
7410
7427
8617
7421
8611
9438
7420
8654
8605
8718
8723
7413
8486
7416
8780
7436
8590
7438
7431
7437
8507
7425
8669
8487
8632
8653
8575
8620
7426
8533
8572
7426
7430
7829
8561
8651
7812
9495
7457
8524
9380
7430
7435
7909
8501
8565
8624
7676
9715
8564
10513
7442
7447
7456
7450
7893
8518
8568
7446
8502
8518
8571
7443
7447
7449
7442
7450
7705
7470
8494
8495
9172
8364
8806
7454
8524
8535
7723
9118
9266
8519
8558
8492
7451
7460
7468
8533
8492
8415
8444
7455
7459
8409
7703
9267
8431
8482
8452
8468
8364
8431
7462
8376
8525
7462
7504
7480
8378
7467
7469
7471
8390
7483
8378
8389
7466
7485
7507
7469
7490
7494
8322
9869
7489
8428
8328
8464
8343
8541
9280
7481
7482
7473
9191
7715
10465
7475
7476
9468
7493
10421
7477
7495
7486
9401
7491
7501
7516
8451
8520
9305
8288
8338
7500
8345
7490
7497
8288
8354
7492
7503
10099
7501
7510
7492
7499
7489
8349
8396
7491
7492
8206
8331
8151
8307
7506
7751
7522
8341
7498
7506
7535
8275
10027
8278
8291
7499
7750
8278
9358
8320
7533
8281
8974
8307
8872
8377
8400
7513
7769
9668
7749
9025
7512
8216
10426
7523
8275
8290
7511
7748
7516
7529
8208
7515
7521
7769
10528
8289
7542
7793
9364
7520
8205
8309
8167
8296
9307
7538
8204
7542
8300
8312
8228
8256
7525
7539
7546
8201
7534
8173
7534
7537
9432
7536
7792
10303
7530
7794
8208
8330
8419
8427
7538
7540
8251
8304
7547
8228
8218
7548
8957
8174
7564
7573
8167
8203
7551
7573
8170
8171
8233
8250
7545
7746
9126
7548
8028
7561
7747
7561
8199
8204
8210
7690
9254
9817
8147
8160
8107
8217
8222
7600
8178
8183
7558
7581
7593
7569
8101
9407
8108
8166
8150
8184
8093
8105
8112
8222
8233
8121
8178
8184
7572
8101
8123
7565
7582
7590
8147
8175
8068
8103
7567
7571
9764
7589
10539
7592
8093
9080
8022
8100
7571
7577
9449
7587
8022
8096
8214
7579
10271
8078
8164
8166
7580
7594
7614
7579
7780
7581
7582
7585
7597
8025
8073
8103
7642
7584
7594
7992
7595
7611
7651
8007
8003
8116
8119
7588
7790
7589
7791
7618
8062
8076
8133
9198
7593
7598
7651
8018
7602
7610
7602
7604
7607
7682
8037
8034
8119
8133
8132
8148
7604
7633
7639
7983
7609
7617
9569
7996
7608
7624
7608
10587
10699
7619
7628
7609
7616
7619
7637
7614
7620
7613
7741
9633
9312
8083
8100
9112
7629
7640
7622
7630
8013
8026
7634
7637
7950
7659
7957
9031
7629
7806
8043
8057
9185
7640
10698
8094
8113
8115
7627
7907
9147
7647
7935
7636
7639
7943
7704
10265
7632
9453
7797
7648
7995
7913
9224
7644
7957
7966
7913
7953
9008
7866
7978
7994
7895
7973
7645
7656
10012
8013
8030
7645
10629
7920
7934
7652
7647
7738
9464
7899
7958
7889
7963
7978
7655
7666
10127
8045
7667
9366
7675
7902
9586
7655
7698
7664
7712
7670
7679
7847
7712
7737
9373
7920
9728
7668
7818
7666
7775
9303
7775
7820
8865
7730
7811
7858
7667
7672
7689
7736
7827
7731
9284
9340
7710
8611
7673
7758
7823
7707
7857
8953
9619
7811
9123
7684
7755
7700
7824
10204
7799
7850
7851
7817
7834
7800
7804
8757
7785
8685
7688
7742
7734
7829
7909
7719
9219
9481
9613
7825
10608
7780
7691
9871
7725
7796
9218
9985
7723
7778
7707
10503
7720
9571
10300
10666
9574
8940
9584
7825
8892
9041
7708
7805
7727
7753
7740
7788
7808
7898
7773
7809
10696
7763
7722
7768
7810
7720
7803
7764
7783
7819
7847
7732
8985
7723
7781
7779
7801
7754
7859
7870
7924
7784
10357
10692
7733
9400
9911
7778
7732
7787
7774
7809
10202
7891
7902
7811
7853
8955
7770
9339
7807
8686
7749
7777
10319
7801
7779
7806
7969
9222
9223
9313
9090
9456
9455
10453
9650
9518
8218
7749
8206
9543
9192
7781
9204
9203
9564
9565
10080
8609
8907
9425
9491
10225
9757
7805
7766
9344
7783
9435
9718
7787
7803
9291
9532
9531
9977
9454
7857
8941
7792
9246
9739
9563
7790
9413
9144
7793
10325
7816
7817
10611
7806
9938
9983
9089
10543
10071
9423
9393
7831
7835
7890
7813
7919
7836
9341
7816
7829
8722
10268
7840
7832
7842
9542
7836
7816
7834
7852
7872
7845
7860
7883
7832
7841
7850
7819
7826
7857
9501
10470
9226
9196
9386
9040
8873
9472
7844
7846
7843
7933
7838
7884
7894
8644
7842
10435
7847
7841
7851
7849
7886
7848
7852
7878
8630
7901
7845
7851
7852
7918
7878
7863
7917
7855
7873
7937
7862
9078
7855
7885
7896
10677
7865
7896
7862
7877
7963
7970
7865
7864
7876
7881
7864
7874
7908
7875
7929
9913
7877
7880
7891
7874
7878
7887
7871
7882
7891
7889
7938
7881
7900
7879
7917
7932
7949
7880
7885
7915
7884
7906
7887
7910
7925
7881
7892
7912
7903
7915
7900
7886
7906
7892
7897
10652
7929
7911
7918
7902
7898
7927
7932
7941
7899
7965
10089
7916
7942
7904
7974
7905
7904
7911
7910
7914
7928
7912
7941
7923
7943
7973
7914
7923
7933
7918
7925
7916
7975
7917
7923
7922
7925
7928
7960
7922
7940
7951
7930
7926
7940
7930
7931
7933
7937
7937
7961
7941
7932
7938
7944
7947
7969
7947
7962
7966
7959
7940
7952
7970
7951
8827
7969
7954
8828
8036
8044
9287
7947
7948
8871
7951
7952
7959
9579
8056
9861
7962
7965
9931
7960
9756
7975
9009
10021
7964
7972
7977
7985
7967
7972
7961
10697
7964
7979
7968
7987
7977
7968
7979
7970
7972
7982
7995
7979
7984
9351
7977
7982
7985
7984
7983
7991
7996
7986
7993
9412
7986
7992
7987
7993
7988
8004
7990
7997
7991
7999
8959
7991
10144
7999
8900
8004
10624
7997
7997
7999
8006
8018
8017
8032
8052
8016
8074
10493
8014
8027
10175
8066
8081
9352
8009
8020
8057
8008
8867
8030
8868
8011
9420
8991
8019
8025
8029
8014
8023
8015
8017
8019
8053
8019
8026
8038
8021
8027
8023
8033
8825
8035
8071
9585
8025
8035
8042
8055
8032
8082
8175
8038
8084
8033
8032
8050
8062
8051
8066
8075
10583
8070
9484
8045
9714
8053
8046
8065
8070
8049
8054
8070
8042
9567
9780
8044
8073
8083
8049
8824
8063
10377
8059
8071
8074
8068
8072
8088
8060
8054
8061
8053
8090
8061
8064
8058
8060
8067
8083
8990
8090
8065
8069
8082
9421
8061
8069
8077
8079
8067
8082
8072
8080
8071
8069
8079
8084
9488
8076
8137
8089
8114
8125
8094
8117
8086
8099
8120
8091
8097
8090
8091
8106
8116
8087
8095
8091
8114
8095
8102
9081
9338
8104
8109
8123
8120
8141
8097
8098
8104
8099
8139
10642
8105
10417
8142
8103
8105
8129
8109
8127
8165
8180
8117
8130
8110
8111
8126
8131
8136
8165
8172
8131
8134
8127
8158
8164
8126
8155
8131
8144
8158
8143
8137
8132
8157
8140
8145
8146
8136
8128
8158
8159
8138
9485
8134
8129
8148
8154
8138
9199
8149
8153
8143
8136
8142
8144
9372
8139
9667
8142
9113
8143
8153
8146
8181
9115
8159
8195
8163
8154
8188
8152
8157
8300
8323
10609
8155
8164
9595
8163
8176
8183
8182
8162
8168
8169
8169
8170
8179
8163
8181
8200
8188
8230
8193
9114
8190
8209
8172
9834
8212
8218
9461
8199
8229
8177
8179
8191
8194
9949
8202
8186
8197
8198
8191
8188
8196
8211
8197
8207
8217
8189
8196
8246
8266
8315
8197
8209
8191
9406
8201
8215
8195
9634
8195
8198
8202
8235
8202
8211
8214
8229
9898
8241
8224
8234
8289
8215
8219
8216
8219
8220
8227
8212
8221
8227
8219
8221
9241
8223
8223
8232
8223
8232
8240
8241
8230
9052
9695
8227
8231
8241
8243
9328
8236
8235
8244
8248
8279
8244
8240
8889
8245
8247
9022
8263
8267
8271
8249
8263
9153
8247
8248
8255
8269
8244
8262
8269
8280
8257
9271
8248
8329
8333
8262
10569
8296
8309
8254
9443
9743
8255
8265
8277
8257
9152
8308
8259
8264
8260
8264
8270
8290
8298
8274
8305
8279
8302
8309
9329
8273
8284
8270
8282
8297
8305
8321
8329
8272
8286
8299
8282
8272
8283
8286
8276
8274
8293
9469
8317
8277
8283
8294
8308
8285
8295
8307
8320
8284
8293
8295
8890
9326
8287
8310
8321
9578
8299
8323
8313
8318
9334
8303
8303
8316
8298
8325
8302
8316
9894
8301
8336
8310
8317
8325
8305
8322
8311
8324
9904
8316
8313
8313
8314
8319
8324
8319
8321
8325
9053
8318
9378
8332
8322
8346
8326
8334
8341
8339
8347
9573
8338
8358
8332
8359
8368
8342
8343
8336
8344
10257
8335
9335
8337
10598
8344
8339
8348
10415
8342
8342
8349
8366
8348
8348
8346
8416
8428
10703
8366
8382
8351
8355
8367
8389
8360
8384
8356
8374
9119
8354
8392
10680
8355
8369
8380
9044
8373
8435
9474
9525
9533
8371
8459
8367
8370
8363
8373
8412
8432
8520
8534
8437
9155
9969
8380
8388
8370
8375
8383
8387
8370
8391
8373
8394
8375
8383
8398
8388
8386
8377
8417
8439
8413
8388
8411
9016
8383
8399
8419
8391
10480
8386
8402
8397
8401
8415
8387
8394
8398
8468
8480
8392
9690
8398
8399
8413
8407
8418
8454
8462
8402
8406
8450
8456
8401
8423
8426
8404
8407
8417
8438
8441
8405
8424
8423
8450
8420
8428
8412
8421
8441
8476
8423
8447
8414
8417
8499
8436
8420
8415
8440
10664
8449
9088
8528
8534
8424
8449
8427
8459
8436
8426
8429
8515
8442
8442
8433
8494
8445
8448
8493
9548
8454
8470
8434
8479
8445
8495
8459
8481
8446
8449
10152
8440
8466
8441
8442
8863
8446
8498
8456
8491
8460
9227
8448
8461
8452
8461
8470
10507
8463
8469
8475
8497
8516
8472
8483
8489
8477
8465
8527
9539
8498
9015
8461
8477
8473
8475
8469
8526
8491
10467
8470
8509
8476
8468
8469
8473
8478
8509
8543
8474
8541
8506
9547
9659
8484
8481
8479
8480
8525
8500
8506
10444
8483
8490
10540
8496
8528
8490
8514
8535
8571
8573
8585
8507
8510
8513
8503
8504
8503
8500
8501
8526
8529
9980
8529
8505
8514
8505
8508
8523
8525
8540
8515
8533
8511
8513
8505
8508
8539
8516
8567
8526
8516
8517
8531
8530
8553
8521
8531
8537
8542
8521
9526
8522
8544
8530
9376
8550
8522
8528
8557
9260
8548
8543
8539
10592
8532
8546
8567
8544
8537
8537
8546
8548
8545
8551
8552
8541
8543
9583
8544
8550
8582
9103
8552
8554
8563
8582
8551
8563
8565
8608
8553
9091
8554
9840
8566
8670
8559
8570
9389
8580
8602
8624
9345
9499
8563
8578
8591
8584
8600
8574
8581
8590
8573
9390
8566
8567
8569
8574
9102
8577
8627
10388
8575
8644
8587
8593
8583
8595
8601
8586
8615
8581
8592
8656
8599
8583
8592
8588
8606
8612
8589
8595
8587
10060
8598
8589
8591
8598
8601
8603
8593
9397
8600
8604
8596
8613
8632
8601
8613
8607
8604
9726
8637
9086
8607
8608
8606
8655
8663
10536
8615
8622
8693
8626
8628
8633
8644
8638
8618
8643
8673
9596
8629
8636
8620
10333
8625
8636
8634
8642
9032
8814
8651
8688
9558
8624
8629
8650
8723
8733
8628
8640
8672
8678
8637
9159
8634
8637
8669
8647
8658
8675
8640
8636
8717
8639
8643
9297
8651
10522
8647
8672
8642
8691
8649
8696
8716
8731
8659
8661
8679
9261
8666
8733
9092
8652
8653
8655
8674
8654
8702
9805
8659
8668
8752
8687
8697
8703
8661
8681
8682
8703
9158
8662
8664
8692
8683
8694
8683
8698
8666
8845
8674
8683
8705
8718
8700
8708
8688
8717
8681
8677
8702
8709
8692
9896
8732
8704
8701
8704
8698
8710
8725
8682
8701
8686
8722
8722
9498
9277
9310
11162
8696
8720
8694
8732
8700
8774
8738
8699
8705
9336
8702
8717
8710
9553
10244
9170
10525
8709
10297
8897
8713
9327
9349
9117
9312
8715
8724
8720
8721
8726
8736
8726
8729
8724
8726
8737
8755
8758
9087
8741
8729
8736
9285
8761
8772
9551
8749
8768
8741
8746
8747
8755
8755
8753
8736
8737
8739
8741
8753
8747
10515
8777
8822
9169
9633
10583
8954
8745
8819
8818
8754
8761
8752
9794
8751
8838
8841
8780
8977
8758
8771
8976
9322
8779
9374
8767
8783
8835
8809
8771
8767
8771
8803
8830
8818
9282
10447
9165
9858
8947
9033
8778
8788
8800
8840
8803
8887
9245
8885
8776
9535
8788
8811
8812
8779
8780
11009
9818
8800
8804
8831
8912
8958
8902
9003
9019
10065
8815
9143
10578
8812
8813
8968
10005
8799
9030
9164
8972
9673
10778
8823
8830
9635
8857
9002
9020
10350
8802
11157
8813
8826
8831
10307
8804
8815
8864
8986
9139
8812
8855
8903
8822
8833
8846
8833
8850
8967
8864
8983
8951
8834
8837
8873
8826
8833
8854
8851
8838
8868
8868
8849
8871
9519
8871
10496
9876
8834
8849
8874
8934
8869
9028
8846
8878
8947
8854
8866
8896
8846
8854
9621
9804
8897
9890
8901
8995
9000
8907
9437
8850
8855
8878
9065
9394
9443
9549
9069
8893
8973
9036
11048
8906
9122
9212
9267
9399
9565
9384
8953
10004
9180
8959
10284
9705
9249
9889
8974
10662
8885
8893
10406
10578
10841
9084
8884
8973
9847
8882
8923
9278
8919
9138
9016
10179
8936
8978
8906
10636
8903
9033
10410
9022
9022
11021
11041
9028
10103
9282
9860
9205
9328
8901
9353
10140
10573
8923
8952
9021
9031
10353
8931
9038
8967
9183
9901
9422
10101
9060
9401
9690
10419
9149
10588
8949
8987
9651
10016
10053
10651
9294
10195
8945
8987
9005
8951
9893
8994
9283
10508
10969
8993
9139
10762
10520
11076
9583
10151
10686
9415
10585
10311
10653
9871
10536
8996
9002
9035
8997
9766
9393
9714
8952
9007
10138
10511
9484
9024
9063
9100
9100
9859
9488
9509
9569
9150
9268
9630
9887
8952
8965
9110
9544
9007
10903
8965
9101
11024
10616
8996
10072
9126
10499
9002
9045
9493
9137
9865
10420
9039
9179
9188
11012
10754
8978
9719
9877
9521
9169
9186
9450
10866
9011
9373
9756
9209
9236
9674
9676
10237
9468
9578
9609
9758
9875
9137
9355
10352
10554
9301
9449
9667
9054
9357
9848
9526
9173
9282
9171
9208
9320
8989
9754
9106
9182
9185
10483
9185
9695
10596
9007
9066
10074
9070
9268
9070
10063
10649
10520
9150
9450
9804
10251
9208
9247
9546
9733
9018
9021
9275
9278
9224
9736
9224
9109
10531
9341
10697
10309
10734
9753
10312
9227
10132
9227
9036
9392
10383
9084
9106
9179
9238
9098
9713
9201
9246
10572
10610
9536
11145
9288
10866
9261
9318
9066
9336
9473
10297
9072
9098
9045
9054
9063
9202
9096
9281
9084
10138
9292
9292
10631
9099
9762
9912
9343
9229
9674
10302
9214
10105
9215
10106
9112
9114
9307
9307
9362
10143
9104
10411
10381
10402
9093
9970
9257
11100
9468
10680
9344
9503
9698
10486
9355
9138
9102
9603
9862
9070
9101
9385
9805
9183
9281
9534
9787
10344
10749
9825
9952
10034
9343
10701
9858
9372
9372
9725
10008
10575
11056
9275
9396
9376
9374
9358
9554
9243
9379
9379
9380
9374
9893
10551
9175
9413
11084
9149
10092
10110
9657
10406
9314
9397
9397
9295
10768
9383
10277
9188
9871
10079
9500
9487
9653
10768
9532
9407
9407
9406
9406
9209
11236
9567
9633
9413
10458
9125
9237
11160
9197
9409
9451
10821
9340
10086
10243
10579
10882
10224
9708
11085
11174
9367
10723
9425
9794
10769
9842
10390
9811
11076
9144
9438
10091
10871
9970
9462
9808
9882
9383
9424
10124
10240
9682
9429
10689
10951
9464
10019
9229
9186
10112
10458
9469
9463
9469
9611
11013
9474
9388
9173
9201
9498
10270
9499
10115
10246
10204
10435
11045
9483
10900
9521
9738
9716
10399
9424
9559
9396
9560
10900
11168
9654
9542
9810
9265
9781
10704
9543
9811
9278
9796
10354
9912
10220
9213
9830
9478
10087
9683
10511
9216
9456
10810
9594
9594
10007
9477
9893
9914
10092
9615
9291
9595
10641
9595
9390
9774
10885
9202
9910
9600
9600
9999
9571
9695
10546
9882
10013
10912
9613
11048
9548
9216
9238
10615
9623
9252
9623
9389
9774
9848
9556
9631
9631
9334
9642
9644
10350
9368
10044
10577
11235
9367
9501
9847
9769
10032
10254
10827
9369
9512
9597
9240
10137
10614
10948
9247
9668
10634
11130
9439
10539
9253
10356
9521
9710
9265
10078
9851
9591
10462
9652
10604
10280
9584
11256
10123
10170
9718
10461
9726
9557
10861
10380
9320
9739
9739
9314
9678
9832
10516
9743
9875
9559
10879
9560
10880
9430
10521
9644
10341
9659
9921
9368
9511
10701
10675
9679
10365
9780
11106
9645
9797
9585
9764
10026
10051
9432
9894
9805
10002
10545
10573
10607
10299
10792
9764
10642
10398
9742
10004
10246
10428
9840
10816
11024
10972
11204
11102
9558
9768
10077
9856
9856
9355
9349
9599
11026
9587
9589
10141
9441
10702
9386
9969
9404
10348
9375
10170
10296
10384
9492
9575
9894
9933
10410
9898
9898
9911
9791
10166
10985
10243
10643
9733
9816
9904
9904
9896
9647
9818
9648
10641
9699
9817
9763
10310
10216
10663
9351
9568
9371
10919
11140
10181
10537
10193
10358
9931
9931
9450
10007
10342
9938
9910
10516
10463
10785
10605
9977
9792
9983
9789
9676
9392
9442
9492
10424
10012
9787
9402
10131
10027
10112
10487
10401
9654
10909
10529
10056
9453
9451
10060
10060
9507
10073
10212
10936
9810
10964
10080
9564
10150
10099
9866
10777
9462
10760
9880
10302
9417
9598
9992
10973
9998
10581
9947
9626
10144
10070
10433
10355
10191
9948
10221
10801
9731
10175
10175
10305
10365
10200
10280
10166
10207
9597
10472
11008
11017
9822
9960
11065
9926
10746
10509
10225
9492
9889
10864
10151
10227
10774
9486
10395
10417
10659
10208
10097
10173
10363
10537
10033
10255
10969
10980
10494
11035
10271
9938
10314
10282
10282
10288
10288
9529
10263
10028
10566
10300
10303
9538
9788
10257
10771
9863
11128
11208
10230
10319
9704
10333
9647
9967
10408
9923
10357
10551
10266
11067
10186
10205
10369
10165
10231
10837
10377
10377
10035
10402
10075
11209
10395
10144
10190
10232
9649
10394
10098
10814
10792
10182
10185
10672
10201
10235
9876
10605
10108
10182
10180
10269
11199
10436
10750
10217
10245
10265
10493
9963
10272
10946
10277
10308
9754
9813
9930
10156
10174
10021
10600
10453
10457
9570
10652
9538
9587
9883
10174
10239
10242
10467
10467
9716
10189
10910
10470
10688
10211
10279
10489
10489
9932
9836
10578
10263
10442
10104
10684
10503
10000
9760
10507
10218
10304
10253
10293
9945
9942
9587
9678
10033
10125
9907
10540
10540
10543
10252
10286
10515
11068
11203
9711
11078
9792
10152
9939
10265
9896
10707
10985
10724
9870
11245
10692
10310
10771
10693
10693
10612
10583
9574
10021
10587
10542
10596
9862
9958
9627
10598
10600
9653
9956
10608
10611
10680
10677
9771
10959
10666
10664
10657
10642
10652
10283
10334
9892
9934
10522
10347
11153
10034
9820
9625
10313
10375
10343
10346
9730
11064
9849
10117
10317
10385
10799
10038
10163
10665
10415
10421
9847
10672
10318
10405
10946
9785
9915
9945
10204
10291
10440
10488
10919
11107
9650
9949
9859
9941
10199
10203
10045
10862
11173
10241
10210
10353
10237
10564
10097
10249
9670
9863
9993
10055
10933
11266
9705
9972
10386
10439
10156
10247
10295
10328
9874
10163
11060
10389
10445
10061
9659
9665
10463
10101
10113
11059
11129
10224
10501
9701
10736
10746
9747
10227
9996
11080
9689
10160
10846
9830
9880
10427
10456
9768
10707
9985
9749
9832
10425
10474
11159
10327
10888
10052
10434
10482
10943
10438
10481
10165
10180
10419
10459
10466
10383
9702
10599
9892
10064
11009
9721
10449
9925
11229
9693
10194
10133
10363
11026
9817
9834
10190
10211
10218
10267
10454
10525
11159
9935
10186
10201
9767
11223
9963
10125
10322
10485
11181
10022
10116
10135
10023
10195
10159
10268
10199
10306
10337
10203
10217
11059
10103
10173
10205
10478
10555
10145
10384
10896
10303
10922
10291
10320
10274
9999
10234
10484
10267
10294
10270
10239
10294
10252
10345
10776
10009
10079
10532
10556
10040
11055
10772
10976
9838
9958
10284
10378
10253
10362
10721
10432
10232
10235
9861
9937
10535
10580
10039
11040
11263
9948
10729
10127
10414
10936
10247
10283
10231
10245
10237
10598
9908
10368
10390
9892
10934
10318
10382
11004
10306
10371
9968
10738
10249
10429
10066
10076
10299
9787
10313
10317
10663
10320
10364
10197
9789
10286
10364
11265
10507
10663
11091
10279
10391
10269
10396
10322
10371
10368
10391
10345
10404
10413
10424
10278
10443
10760
10293
10396
10188
10261
10597
10654
10426
10319
10570
10922
10969
10400
10325
10362
10437
10343
10382
10274
9992
10627
10644
10304
10346
10386
10446
10623
10661
10127
10624
10404
10431
10264
10389
10448
10633
10674
10136
10255
10334
9910
11030
11261
10844
10413
10431
10390
10450
9908
10399
10214
10618
10720
10370
10447
10464
10497
10745
10988
10424
10460
10640
10722
10931
10425
10490
10437
10469
10647
10725
10375
10460
10287
10268
10569
10387
10450
10471
10159
10446
10471
10406
10427
10434
10087
10126
10448
10479
10172
10464
10469
10715
10719
10385
10479
10454
10504
10438
10512
10355
10222
10032
10081
11265
10418
10348
10380
10524
10563
10429
10478
10488
11265
9930
10028
10305
9909
10003
10723
10130
10756
10064
10067
10706
10141
10405
10459
10711
10757
10376
10572
11124
10490
10518
10713
10759
10733
9909
10957
10439
10518
10653
10742
10743
10236
10273
10466
10504
10445
10456
10423
10548
10085
10260
10747
10752
9956
9936
10748
10753
10512
10557
10497
10574
9959
10728
10474
10481
10094
10440
10593
10524
10565
10893
10482
10557
10411
10681
10531
10649
11106
10331
9984
10414
10289
10616
10764
10176
10808
10272
10535
10565
10532
10613
9930
10365
10706
9980
10327
10773
10783
10444
10090
10399
10217
10763
10806
10072
10135
10574
10617
9942
10415
10215
10509
10208
10275
10480
9983
10314
10202
10493
10556
10678
10351
10421
10525
10635
10630
10655
10435
10646
10665
10194
10289
10527
10617
10630
10597
10618
9968
10977
10563
10708
10593
10660
10809
10818
10035
10790
10833
10143
10116
10261
10920
11226
10555
10717
10635
10646
9972
10031
10656
10613
10679
10815
10822
10214
10947
10410
10640
10647
10819
10834
10623
10660
10655
10683
10580
10683
11129
10679
10691
10248
10526
10665
10691
10627
10633
10004
10179
10832
10847
10831
10848
10829
10828
10856
10824
10859
10778
11036
10200
10983
10644
10711
10713
10745
10994
10678
10731
11105
10412
10088
10141
10054
10257
10703
10529
10089
10604
10812
10373
10998
10090
10751
10300
10654
10661
10498
10281
10222
10495
10852
10869
10674
10708
10176
10360
10731
10787
10029
10436
10755
10687
10811
10717
10758
10393
11119
10067
10844
10133
11113
10417
10539
11126
10738
10538
10989
10103
10631
10571
10765
10802
10745
10765
10505
10357
10771
10722
10758
10780
10782
10742
10781
10209
10475
10784
10803
10763
10786
10725
10747
10720
10743
10748
10788
10230
10528
11074
10426
10634
10251
10476
10780
10781
10752
10753
10782
10784
10657
10786
10788
10754
10397
10739
10281
10496
10820
10823
10773
10790
10212
10552
10393
10827
10261
11121
10792
10462
10522
10234
10536
10944
10387
10589
10934
10757
10825
10759
10783
10315
10526
10700
10492
10420
10760
10351
10157
10705
10117
10549
11094
10400
10820
10825
10803
10842
10971
10340
10560
10275
10824
10857
10242
10809
10851
10295
10879
10880
10819
10840
10356
10815
10828
10519
10823
10840
10671
10305
10791
11133
11082
10393
10839
10831
10858
10818
10842
10929
11026
10832
10863
10916
10741
10910
10266
10843
10806
10822
10785
10416
10483
10179
11017
10177
10401
10930
10728
10220
10550
10923
10915
10974
10429
10545
10914
10976
10843
10898
11027
10865
10867
10851
10865
10834
10881
10852
10882
10354
10909
10858
10867
10878
10883
10833
10884
10544
10676
10863
10878
10569
10527
10847
10848
10534
10558
10805
10857
10895
10323
10881
10883
10882
10884
10648
10985
10592
10602
10978
10749
10473
10534
10724
11060
10668
10835
10392
11156
10361
10673
10937
11039
10856
10895
11082
10322
10622
10370
10859
10914
10241
10442
10616
10903
10869
10915
10312
10632
10409
10558
10716
10595
10416
11042
10447
10567
10864
10935
10698
11053
10264
10626
10875
10612
10501
10451
10896
10568
10690
10735
10549
11101
10787
10802
10737
10411
11061
10508
10546
11250
10770
10250
10550
10328
10337
10285
11057
10950
11002
10606
10959
10260
10620
10324
10495
10626
10710
10991
10891
10928
11166
10804
10938
11125
10514
10798
10908
11134
10476
10670
11057
10475
10835
10562
10675
10523
10736
10662
10342
11249
10651
10810
10673
10973
10629
10372
10789
11037
10302
10559
10329
10709
11159
11127
11277
10548
11104
10541
10787
10908
10796
10779
11201
10941
10942
11172
11055
11069
11075
10484
10358
10401
10628
10813
11033
10339
10888
11001
10510
11068
10890
10862
11001
11092
10465
10329
11277
10331
10432
10735
10632
10589
10761
10588
10886
11038
11144
10709
10766
11063
11223
11190
11226
10508
11244
10547
10667
11023
11015
11085
10953
10967
10949
10933
10677
10477
10659
10500
10873
10658
10802
10908
10639
10889
10391
10921
10695
10766
10808
10774
11212
10567
10699
11169
10793
10874
11259
10669
11126
10699
10533
10892
10762
10768
11152
10723
11247
11086
10716
10729
10412
10904
10990
10636
11132
10645
10694
10974
10976
10446
10624
10696
10667
10775
11036
11066
10530
10927
11023
10902
11114
10741
10907
11153
10607
10637
10925
10734
10554
11081
11186
11066
11139
10675
10715
11229
11168
10607
10632
11062
10730
10704
11118
11140
11195
11088
10924
10579
10962
11054
10744
10594
10698
10564
10714
11022
10998
11233
10903
11003
11072
11278
11175
10553
10963
10516
11064
10650
10733
10542
10585
10560
11078
10501
10509
10604
10893
10529
10740
10917
11018
10571
10686
10727
11100
11032
10586
10885
10678
10719
11148
10732
10643
10932
10548
11097
10897
11011
10599
10820
10721
11123
10782
11117
10712
10737
10750
11048
10629
10999
11028
10620
10687
10998
11167
10936
10865
10979
11127
10798
11187
10930
10772
10870
10975
10877
11043
10841
10662
11079
10690
10906
10926
11136
10814
10817
10638
10830
10870
10884
11006
11166
11189
11190
10995
11051
10702
11105
10756
10797
10895
10917
10767
10939
11103
11005
10846
10705
10764
10994
11110
10839
10682
11040
10973
11066
10795
11000
10835
10843
11276
11206
10685
11143
11080
10860
11020
11113
10845
10873
10767
11194
11019
11108
10887
10850
11034
11250
10783
10893
11142
10775
10876
10996
11198
11070
11089
11273
11047
11099
11191
10837
10854
10887
10765
10988
11132
11197
10909
10877
11016
11107
11187
10704
11025
11014
11093
10721
10718
10907
11157
10836
10797
11156
10944
11057
10776
10811
11060
10805
10948
11135
11087
11112
10714
11055
10810
10868
11034
10932
10844
11150
10846
11041
11101
10871
10993
11091
11065
11044
10838
11012
10894
11050
10906
11163
11227
10984
10769
11056
11142
11111
11115
10837
11141
10889
10777
11250
11125
11138
10905
11224
10992
11221
10775
10776
10951
10911
11192
11240
11103
11188
10925
10934
11274
11212
10891
10939
11143
10914
11202
10812
10993
10892
11193
10942
10913
11164
10916
11270
11171
11214
11262
10862
10888
11137
11162
10926
11147
10939
11102
11257
11269
10949
10953
10886
11130
10937
10954
10951
10948
11131
11252
10947
11215
11126
11237
10955
11032
11071
10927
11275
11027
11152
10968
11019
10874
11030
10965
10958
10962
11146
11177
11182
11222
11163
10940
11144
11178
11260
11154
10984
11200
11095
11204
11160
10938
11000
11096
11207
10904
10956
11272
10975
11082
11119
10928
11003
11238
10901
10963
10946
10982
11259
11210
11156
11185
11151
11196
11122
11273
11008
10960
11271
11216
10945
10918
11199
11167
11233
10986
10952
11179
10945
11106
10992
11180
10937
11181
11211
10964
11192
11236
11205
11274
11047
10956
11029
11190
10979
11116
11002
11027
11131
11098
11158
11232
11017
11045
11031
10950
11109
10992
10941
11183
11244
11179
11170
10983
10967
11138
11069
10961
11217
11203
11242
11275
11010
11022
11231
11245
11028
11239
11241
11270
11209
11272
10981
11011
11257
11195
10994
11080
11248
11109
10999
11077
11136
11010
11218
11013
11121
11134
11173
11043
11116
11006
11225
11129
11109
11253
11135
11189
11219
11072
11230
11096
11249
11201
11111
11266
11045
11191
11022
11251
11095
11228
11070
11101
11075
11278
11030
11086
11061
11112
11176
11053
11158
11044
11087
11036
11041
11112
11207
11103
11128
11133
11110
11128
11081
11120
11191
11122
11246
11195
11063
11095
11113
11120
11114
11099
11184
11143
11069
11215
11227
11158
11234
11254
11087
11078
11108
11155
11161
11091
11115
11171
11147
11125
11183
11153
11214
11235
11130
11137
11119
11255
11104
11123
11255
11166
11140
11208
11175
11141
11165
11120
11148
11135
11183
11243
11162
11231
11268
11177
11152
11178
11230
11226
11168
11142
11197
11203
11271
11247
11246
11163
11228
11261
11209
11267
11201
11218
11220
11205
11264
11206
11186
11229
11180
11186
11266
11224
11188
11255
11246
11221
11199
11211
11204
11248
11212
11256
11207
11210
11248
11258
11256
11249
11232
11234
11239
11237
11264
11232
11242
11233
11228
11263
11260
11242
11262
11244
11241
11245
11258
11264
11251
11254
11257
11269
11267
11268
)


// ************************************************************************* //
